862.6E-9   485.5E-3
882.6E-9   485.4E-3
900.0E-9   485.4E-3
900.0E-9   485.4E-3
900.0E-9   485.4E-3
900.0E-9   485.4E-3
900.0E-9   485.4E-3
900.0E-9   485.4E-3
900.0E-9   485.4E-3
900.0E-9   485.4E-3
900.0E-9   485.4E-3
900.0E-9   485.4E-3
900.0E-9   485.4E-3
900.0E-9   485.4E-3
900.0E-9   485.4E-3
900.0E-9   485.4E-3
900.0E-9   485.4E-3
900.0E-9   485.4E-3
900.0E-9   485.4E-3
900.0E-9   485.4E-3
900.0E-9   485.4E-3
900.0E-9   485.4E-3
900.0E-9   485.4E-3
900.0E-9   485.4E-3
900.0E-9   485.4E-3
900.0E-9   485.4E-3
900.0E-9   485.4E-3
900.0E-9   485.4E-3
900.0E-9   485.4E-3
900.0E-9   485.4E-3
900.0E-9   485.4E-3
900.0E-9   485.4E-3
900.0E-9   485.4E-3
900.0E-9   485.4E-3
900.1E-9   485.4E-3
900.1E-9   485.4E-3
900.1E-9   485.4E-3
900.1E-9   485.4E-3
900.1E-9   485.4E-3
900.1E-9   485.4E-3
900.1E-9   485.4E-3
900.1E-9   485.4E-3
900.1E-9   485.4E-3
900.1E-9   485.4E-3
900.1E-9   485.4E-3
900.1E-9   485.4E-3
900.1E-9   485.4E-3
900.1E-9   485.4E-3
900.1E-9   485.4E-3
900.1E-9   485.4E-3
900.1E-9   485.4E-3
900.1E-9   485.4E-3
900.1E-9   485.4E-3
900.1E-9   485.4E-3
900.1E-9   485.4E-3
900.1E-9   485.4E-3
900.1E-9   485.4E-3
900.1E-9   485.4E-3
900.1E-9   485.4E-3
900.1E-9   485.4E-3
900.1E-9   485.4E-3
900.1E-9   485.4E-3
900.1E-9   485.4E-3
900.1E-9   485.4E-3
900.1E-9   485.4E-3
900.1E-9   485.4E-3
900.1E-9   485.4E-3
900.1E-9   485.4E-3
900.1E-9   485.4E-3
900.1E-9   485.4E-3
900.1E-9   485.4E-3
900.1E-9   485.4E-3
900.1E-9   485.4E-3
900.1E-9   485.4E-3
900.1E-9   485.4E-3
900.1E-9   485.4E-3
900.1E-9   485.3E-3
900.1E-9   485.3E-3
900.1E-9   485.3E-3
900.1E-9   485.3E-3
900.1E-9   485.3E-3
900.1E-9   485.3E-3
900.1E-9   485.3E-3
900.1E-9   485.3E-3
900.1E-9   485.3E-3
900.1E-9   485.3E-3
900.1E-9   485.3E-3
900.1E-9   485.3E-3
900.1E-9   485.3E-3
900.1E-9   485.3E-3
900.1E-9   485.3E-3
900.1E-9   485.3E-3
900.1E-9   485.3E-3
900.1E-9   485.3E-3
900.1E-9   485.3E-3
900.1E-9   485.3E-3
900.1E-9   485.3E-3
900.1E-9   485.2E-3
900.1E-9   485.2E-3
900.1E-9   485.2E-3
900.1E-9   485.2E-3
900.1E-9   485.2E-3
900.1E-9   485.2E-3
900.1E-9   485.2E-3
900.1E-9   485.1E-3
900.1E-9   485.1E-3
900.1E-9   485.1E-3
900.1E-9   485.1E-3
900.1E-9   485.1E-3
900.1E-9   485.1E-3
900.1E-9   485.1E-3
900.1E-9   485.1E-3
900.1E-9   485.1E-3
900.1E-9   485.1E-3
900.1E-9   485.1E-3
900.1E-9   485.1E-3
900.1E-9   485.1E-3
900.1E-9   485.1E-3
900.1E-9   485.1E-3
900.1E-9   485.1E-3
900.1E-9   485.1E-3
900.1E-9   485.1E-3
900.1E-9   485.1E-3
900.1E-9   485.1E-3
900.1E-9   485.1E-3
900.1E-9   485.1E-3
900.1E-9   485.1E-3
900.1E-9   485.1E-3
900.1E-9   485.1E-3
900.1E-9   485.1E-3
900.1E-9   485.1E-3
900.1E-9   485.1E-3
900.1E-9   485.1E-3
900.1E-9   485.1E-3
900.1E-9   485.1E-3
900.1E-9   485.2E-3
900.1E-9   485.2E-3
900.1E-9   485.2E-3
900.1E-9   485.2E-3
900.1E-9   485.2E-3
900.1E-9   485.2E-3
900.1E-9   485.2E-3
900.1E-9   485.2E-3
900.1E-9   485.2E-3
900.1E-9   485.2E-3
900.1E-9   485.2E-3
900.1E-9   485.2E-3
900.1E-9   485.2E-3
900.1E-9   485.2E-3
900.1E-9   485.2E-3
900.1E-9   485.2E-3
900.1E-9   485.3E-3
900.1E-9   485.3E-3
900.1E-9   485.3E-3
900.1E-9   485.3E-3
900.1E-9   485.3E-3
900.1E-9   485.3E-3
900.1E-9   485.3E-3
900.1E-9   485.3E-3
900.1E-9   485.3E-3
900.1E-9   485.3E-3
900.1E-9   485.3E-3
900.1E-9   485.3E-3
900.1E-9   485.3E-3
900.1E-9   485.3E-3
900.2E-9   485.3E-3
900.2E-9   485.3E-3
900.2E-9   485.4E-3
900.2E-9   485.4E-3
900.2E-9   485.4E-3
900.2E-9   485.4E-3
900.2E-9   485.4E-3
900.2E-9   485.4E-3
900.2E-9   485.4E-3
900.2E-9   485.4E-3
900.2E-9   485.4E-3
900.2E-9   485.4E-3
900.2E-9   485.5E-3
900.2E-9   485.5E-3
900.2E-9   485.5E-3
900.2E-9   485.5E-3
900.2E-9   485.5E-3
900.2E-9   485.5E-3
900.2E-9   485.4E-3
900.2E-9   485.4E-3
900.2E-9   485.4E-3
900.2E-9   485.4E-3
900.2E-9   485.4E-3
900.2E-9   485.4E-3
900.2E-9   485.3E-3
900.2E-9   485.3E-3
900.2E-9   485.3E-3
900.2E-9   485.3E-3
900.2E-9   485.3E-3
900.2E-9   485.3E-3
900.2E-9   485.3E-3
900.2E-9   485.3E-3
900.2E-9   485.2E-3
900.2E-9   485.2E-3
900.2E-9   485.2E-3
900.2E-9   485.2E-3
900.2E-9   485.2E-3
900.2E-9   485.2E-3
900.2E-9   485.2E-3
900.2E-9   485.2E-3
900.2E-9   485.2E-3
900.2E-9   485.2E-3
900.2E-9   485.2E-3
900.2E-9   485.2E-3
900.2E-9   485.2E-3
900.2E-9   485.2E-3
900.2E-9   485.2E-3
900.2E-9   485.2E-3
900.2E-9   485.2E-3
900.2E-9   485.3E-3
900.2E-9   485.3E-3
900.3E-9   485.3E-3
900.3E-9   485.3E-3
900.3E-9   485.3E-3
900.3E-9   485.3E-3
900.3E-9   485.3E-3
900.3E-9   485.3E-3
900.4E-9   485.3E-3
900.4E-9   485.3E-3
900.4E-9   485.3E-3
900.5E-9   485.3E-3
900.6E-9   485.3E-3
900.7E-9   485.4E-3
900.8E-9   485.4E-3
900.9E-9   485.4E-3
901.0E-9   485.4E-3
901.2E-9   485.5E-3
901.4E-9   485.6E-3
901.6E-9   485.7E-3
901.9E-9   486.0E-3
902.3E-9   486.4E-3
902.8E-9   487.3E-3
903.5E-9   488.9E-3
904.2E-9   491.6E-3
905.1E-9   496.2E-3
905.6E-9   498.9E-3
906.0E-9   502.0E-3
906.2E-9   503.6E-3
906.5E-9   506.3E-3
906.8E-9   508.3E-3
907.0E-9   510.5E-3
907.5E-9   515.1E-3
907.8E-9   518.9E-3
908.3E-9   523.1E-3
908.8E-9   529.1E-3
909.5E-9   535.5E-3
910.2E-9   542.6E-3
911.0E-9   550.6E-3
912.2E-9   560.3E-3
913.7E-9   569.6E-3
914.8E-9   575.3E-3
915.9E-9   579.5E-3
916.9E-9   582.6E-3
918.0E-9   585.1E-3
919.2E-9   586.9E-3
920.5E-9   588.3E-3
922.0E-9   589.1E-3
923.6E-9   589.5E-3
925.4E-9   589.5E-3
927.5E-9   589.1E-3
929.9E-9   588.4E-3
933.0E-9   587.4E-3
937.0E-9   586.0E-3
941.5E-9   584.5E-3
946.4E-9   582.9E-3
952.0E-9   581.1E-3
958.4E-9   579.1E-3
965.9E-9   576.7E-3
974.6E-9   574.0E-3
984.6E-9   570.9E-3
996.0E-9   567.3E-3
1.009E-6   563.1E-3
1.026E-6   558.1E-3
1.046E-6   552.1E-3
1.066E-6   546.2E-3
1.086E-6   540.6E-3
1.106E-6   535.1E-3
1.126E-6   530.0E-3
1.146E-6   525.1E-3
1.166E-6   520.6E-3
1.186E-6   516.4E-3
1.206E-6   512.6E-3
1.226E-6   509.1E-3
1.246E-6   505.9E-3
1.266E-6   503.1E-3
1.286E-6   500.6E-3
1.306E-6   498.4E-3
1.326E-6   496.5E-3
1.346E-6   494.8E-3
1.366E-6   493.3E-3
