858.7E-9    484.7E-3
878.7E-9    484.7E-3
889.4E-9    484.7E-3
900.0E-9    484.7E-3
900.0E-9    484.7E-3
900.0E-9    484.7E-3
900.0E-9    484.7E-3
900.0E-9    484.7E-3
900.0E-9    484.7E-3
900.0E-9    484.7E-3
900.0E-9    484.7E-3
900.0E-9    484.7E-3
900.0E-9    484.7E-3
900.0E-9    484.7E-3
900.0E-9    484.7E-3
900.0E-9    484.7E-3
900.0E-9    484.7E-3
900.0E-9    484.7E-3
900.0E-9    484.7E-3
900.0E-9    484.7E-3
900.0E-9    484.7E-3
900.0E-9    484.7E-3
900.0E-9    484.7E-3
900.0E-9    484.7E-3
900.0E-9    484.7E-3
900.0E-9    484.7E-3
900.0E-9    484.7E-3
900.0E-9    484.7E-3
900.0E-9    484.7E-3
900.0E-9    484.7E-3
900.0E-9    484.7E-3
900.0E-9    484.7E-3
900.0E-9    484.7E-3
900.0E-9    484.7E-3
900.0E-9    484.7E-3
900.0E-9    484.7E-3
900.0E-9    484.7E-3
900.0E-9    484.7E-3
900.0E-9    484.7E-3
900.0E-9    484.7E-3
900.0E-9    484.7E-3
900.0E-9    484.7E-3
900.0E-9    484.7E-3
900.1E-9    484.7E-3
900.1E-9    484.7E-3
900.1E-9    484.7E-3
900.1E-9    484.7E-3
900.1E-9    484.7E-3
900.1E-9    484.7E-3
900.1E-9    484.7E-3
900.1E-9    484.7E-3
900.1E-9    484.7E-3
900.1E-9    484.7E-3
900.1E-9    484.7E-3
900.1E-9    484.7E-3
900.1E-9    484.7E-3
900.1E-9    484.7E-3
900.1E-9    484.7E-3
900.1E-9    484.7E-3
900.1E-9    484.7E-3
900.1E-9    484.7E-3
900.1E-9    484.7E-3
900.1E-9    484.7E-3
900.1E-9    484.7E-3
900.1E-9    484.7E-3
900.1E-9    484.7E-3
900.1E-9    484.7E-3
900.1E-9    484.7E-3
900.1E-9    484.7E-3
900.1E-9    484.7E-3
900.1E-9    484.7E-3
900.1E-9    484.7E-3
900.1E-9    484.7E-3
900.1E-9    484.7E-3
900.1E-9    484.7E-3
900.1E-9    484.7E-3
900.1E-9    484.7E-3
900.1E-9    484.7E-3
900.1E-9    484.7E-3
900.1E-9    484.7E-3
900.1E-9    484.7E-3
900.1E-9    484.7E-3
900.1E-9    484.7E-3
900.1E-9    484.7E-3
900.1E-9    484.7E-3
900.1E-9    484.7E-3
900.1E-9    484.7E-3
900.1E-9    484.6E-3
900.1E-9    484.6E-3
900.1E-9    484.6E-3
900.1E-9    484.6E-3
900.1E-9    484.6E-3
900.1E-9    484.6E-3
900.1E-9    484.6E-3
900.1E-9    484.6E-3
900.1E-9    484.6E-3
900.1E-9    484.6E-3
900.1E-9    484.6E-3
900.1E-9    484.6E-3
900.1E-9    484.6E-3
900.1E-9    484.6E-3
900.1E-9    484.6E-3
900.1E-9    484.6E-3
900.1E-9    484.6E-3
900.1E-9    484.6E-3
900.1E-9    484.6E-3
900.1E-9    484.6E-3
900.1E-9    484.6E-3
900.1E-9    484.6E-3
900.1E-9    484.6E-3
900.1E-9    484.5E-3
900.1E-9    484.5E-3
900.1E-9    484.5E-3
900.1E-9    484.5E-3
900.1E-9    484.5E-3
900.1E-9    484.5E-3
900.1E-9    484.5E-3
900.1E-9    484.5E-3
900.1E-9    484.5E-3
900.1E-9    484.5E-3
900.1E-9    484.5E-3
900.1E-9    484.5E-3
900.1E-9    484.5E-3
900.1E-9    484.5E-3
900.1E-9    484.5E-3
900.1E-9    484.5E-3
900.1E-9    484.5E-3
900.1E-9    484.6E-3
900.1E-9    484.6E-3
900.1E-9    484.6E-3
900.1E-9    484.6E-3
900.1E-9    484.6E-3
900.1E-9    484.6E-3
900.1E-9    484.6E-3
900.1E-9    484.6E-3
900.1E-9    484.6E-3
900.1E-9    484.6E-3
900.1E-9    484.6E-3
900.1E-9    484.6E-3
900.1E-9    484.6E-3
900.1E-9    484.6E-3
900.1E-9    484.6E-3
900.1E-9    484.6E-3
900.1E-9    484.6E-3
900.1E-9    484.7E-3
900.1E-9    484.7E-3
900.1E-9    484.7E-3
900.1E-9    484.7E-3
900.1E-9    484.7E-3
900.1E-9    484.7E-3
900.1E-9    484.7E-3
900.1E-9    484.7E-3
900.1E-9    484.7E-3
900.1E-9    484.7E-3
900.1E-9    484.7E-3
900.1E-9    484.7E-3
900.1E-9    484.7E-3
900.1E-9    484.7E-3
900.1E-9    484.7E-3
900.1E-9    484.7E-3
900.1E-9    484.7E-3
900.1E-9    484.7E-3
900.1E-9    484.7E-3
900.1E-9    484.7E-3
900.1E-9    484.7E-3
900.1E-9    484.7E-3
900.1E-9    484.7E-3
900.1E-9    484.7E-3
900.1E-9    484.7E-3
900.1E-9    484.7E-3
900.1E-9    484.7E-3
900.1E-9    484.7E-3
900.1E-9    484.7E-3
900.1E-9    484.7E-3
900.1E-9    484.7E-3
900.1E-9    484.8E-3
900.1E-9    484.8E-3
900.1E-9    484.8E-3
900.1E-9    484.8E-3
900.1E-9    484.8E-3
900.1E-9    484.8E-3
900.1E-9    484.8E-3
900.1E-9    484.8E-3
900.1E-9    484.8E-3
900.1E-9    484.8E-3
900.1E-9    484.8E-3
900.1E-9    484.8E-3
900.1E-9    484.8E-3
900.1E-9    484.8E-3
900.1E-9    484.9E-3
900.1E-9    484.9E-3
900.1E-9    484.9E-3
900.1E-9    484.9E-3
900.1E-9    484.9E-3
900.1E-9    484.9E-3
900.1E-9    484.9E-3
900.1E-9    484.9E-3
900.1E-9    484.9E-3
900.1E-9    484.9E-3
900.1E-9    484.9E-3
900.1E-9    484.8E-3
900.1E-9    484.8E-3
900.1E-9    484.8E-3
900.1E-9    484.8E-3
900.1E-9    484.8E-3
900.1E-9    484.8E-3
900.1E-9    484.7E-3
900.1E-9    484.7E-3
900.1E-9    484.7E-3
900.1E-9    484.7E-3
900.1E-9    484.7E-3
900.1E-9    484.7E-3
900.1E-9    484.7E-3
900.1E-9    484.7E-3
900.1E-9    484.7E-3
900.2E-9    484.7E-3
900.2E-9    484.7E-3
900.2E-9    484.7E-3
900.2E-9    484.6E-3
900.2E-9    484.6E-3
900.2E-9    484.6E-3
900.2E-9    484.6E-3
900.2E-9    484.6E-3
900.2E-9    484.6E-3
900.2E-9    484.6E-3
900.2E-9    484.6E-3
900.2E-9    484.6E-3
900.2E-9    484.6E-3
900.2E-9    484.6E-3
900.2E-9    484.6E-3
900.2E-9    484.6E-3
900.2E-9    484.7E-3
900.2E-9    484.7E-3
900.2E-9    484.7E-3
900.2E-9    484.7E-3
900.2E-9    484.7E-3
900.2E-9    484.7E-3
900.2E-9    484.7E-3
900.2E-9    484.7E-3
900.3E-9    484.7E-3
900.3E-9    484.7E-3
900.3E-9    484.7E-3
900.4E-9    484.7E-3
900.4E-9    484.7E-3
900.5E-9    484.7E-3
900.6E-9    484.7E-3
900.7E-9    484.7E-3
900.8E-9    484.7E-3
900.9E-9    484.7E-3
901.0E-9    484.7E-3
901.1E-9    484.8E-3
901.2E-9    484.9E-3
901.4E-9    485.0E-3
901.6E-9    485.3E-3
901.9E-9    485.9E-3
902.3E-9    487.2E-3
902.8E-9    489.9E-3
903.3E-9    493.5E-3
903.7E-9    497.5E-3
904.0E-9    502.0E-3
904.4E-9    507.2E-3
904.8E-9    513.3E-3
905.3E-9    520.5E-3
905.6E-9    527.0E-3
906.0E-9    533.9E-3
906.5E-9    544.0E-3
906.8E-9    548.9E-3
907.0E-9    553.8E-3
907.2E-9    557.3E-3
907.4E-9    561.9E-3
907.8E-9    568.3E-3
908.1E-9    574.5E-3
908.6E-9    582.4E-3
909.3E-9    590.5E-3
909.9E-9    596.8E-3
910.5E-9    601.0E-3
911.0E-9    604.0E-3
911.6E-9    606.3E-3
912.2E-9    608.0E-3
912.8E-9    609.1E-3
913.6E-9    609.8E-3
914.4E-9    610.0E-3
915.4E-9    609.8E-3
916.6E-9    609.2E-3
918.0E-9    608.4E-3
919.9E-9    607.3E-3
922.1E-9    606.2E-3
924.0E-9    605.3E-3
926.7E-9    604.1E-3
929.4E-9    602.9E-3
932.4E-9    601.6E-3
936.1E-9    600.0E-3
940.4E-9    598.0E-3
945.3E-9    595.8E-3
950.7E-9    593.3E-3
956.8E-9    590.5E-3
963.6E-9    587.3E-3
971.4E-9    583.8E-3
980.1E-9    579.8E-3
990.2E-9    575.2E-3
1.002E-6    569.9E-3
1.016E-6    563.7E-3
1.032E-6    556.3E-3
1.052E-6    547.8E-3
1.072E-6    539.7E-3
1.092E-6    532.1E-3
1.112E-6    525.0E-3
1.132E-6    518.6E-3
1.152E-6    512.9E-3
1.172E-6    507.8E-3
1.192E-6    503.5E-3
1.212E-6    499.8E-3
1.232E-6    496.7E-3
1.252E-6    494.2E-3
1.272E-6    492.1E-3
1.292E-6    490.4E-3
1.312E-6    489.0E-3
1.332E-6    487.9E-3
1.352E-6    487.1E-3
1.372E-6    486.4E-3
