864.0E-9      485.4E-3
884.0E-9      485.4E-3
900.0E-9      485.4E-3
900.0E-9      485.4E-3
900.0E-9      485.4E-3
900.0E-9      485.4E-3
900.0E-9      485.4E-3
900.0E-9      485.4E-3
900.0E-9      485.4E-3
900.0E-9      485.4E-3
900.0E-9      485.4E-3
900.0E-9      485.4E-3
900.0E-9      485.4E-3
900.0E-9      485.4E-3
900.0E-9      485.4E-3
900.0E-9      485.4E-3
900.0E-9      485.4E-3
900.0E-9      485.4E-3
900.0E-9      485.4E-3
900.0E-9      485.4E-3
900.0E-9      485.4E-3
900.0E-9      485.4E-3
900.0E-9      485.4E-3
900.0E-9      485.4E-3
900.0E-9      485.4E-3
900.0E-9      485.4E-3
900.0E-9      485.4E-3
900.0E-9      485.4E-3
900.0E-9      485.4E-3
900.0E-9      485.4E-3
900.0E-9      485.4E-3
900.0E-9      485.4E-3
900.0E-9      485.4E-3
900.0E-9      485.4E-3
900.1E-9      485.4E-3
900.1E-9      485.4E-3
900.1E-9      485.4E-3
900.1E-9      485.4E-3
900.1E-9      485.4E-3
900.1E-9      485.4E-3
900.1E-9      485.4E-3
900.1E-9      485.4E-3
900.1E-9      485.4E-3
900.1E-9      485.4E-3
900.1E-9      485.4E-3
900.1E-9      485.4E-3
900.1E-9      485.4E-3
900.1E-9      485.4E-3
900.1E-9      485.4E-3
900.1E-9      485.4E-3
900.1E-9      485.4E-3
900.1E-9      485.4E-3
900.1E-9      485.4E-3
900.1E-9      485.4E-3
900.1E-9      485.4E-3
900.1E-9      485.4E-3
900.1E-9      485.4E-3
900.1E-9      485.4E-3
900.1E-9      485.4E-3
900.1E-9      485.4E-3
900.1E-9      485.4E-3
900.1E-9      485.4E-3
900.1E-9      485.4E-3
900.1E-9      485.4E-3
900.1E-9      485.4E-3
900.1E-9      485.4E-3
900.1E-9      485.4E-3
900.1E-9      485.4E-3
900.1E-9      485.4E-3
900.1E-9      485.4E-3
900.1E-9      485.4E-3
900.1E-9      485.4E-3
900.1E-9      485.4E-3
900.1E-9      485.4E-3
900.1E-9      485.4E-3
900.1E-9      485.3E-3
900.1E-9      485.3E-3
900.1E-9      485.3E-3
900.1E-9      485.3E-3
900.1E-9      485.3E-3
900.1E-9      485.3E-3
900.1E-9      485.3E-3
900.1E-9      485.3E-3
900.1E-9      485.3E-3
900.1E-9      485.3E-3
900.1E-9      485.3E-3
900.1E-9      485.3E-3
900.1E-9      485.3E-3
900.1E-9      485.3E-3
900.1E-9      485.3E-3
900.1E-9      485.3E-3
900.1E-9      485.3E-3
900.1E-9      485.3E-3
900.1E-9      485.3E-3
900.1E-9      485.3E-3
900.1E-9      485.3E-3
900.1E-9      485.3E-3
900.1E-9      485.2E-3
900.1E-9      485.2E-3
900.1E-9      485.2E-3
900.1E-9      485.2E-3
900.1E-9      485.2E-3
900.1E-9      485.2E-3
900.1E-9      485.2E-3
900.1E-9      485.1E-3
900.1E-9      485.1E-3
900.1E-9      485.1E-3
900.1E-9      485.1E-3
900.1E-9      485.1E-3
900.1E-9      485.1E-3
900.1E-9      485.1E-3
900.1E-9      485.1E-3
900.1E-9      485.1E-3
900.1E-9      485.1E-3
900.1E-9      485.1E-3
900.1E-9      485.1E-3
900.1E-9      485.1E-3
900.1E-9      485.1E-3
900.1E-9      485.1E-3
900.1E-9      485.1E-3
900.1E-9      485.1E-3
900.1E-9      485.1E-3
900.1E-9      485.1E-3
900.1E-9      485.1E-3
900.1E-9      485.1E-3
900.1E-9      485.1E-3
900.1E-9      485.1E-3
900.1E-9      485.1E-3
900.1E-9      485.1E-3
900.1E-9      485.1E-3
900.1E-9      485.1E-3
900.1E-9      485.1E-3
900.1E-9      485.1E-3
900.1E-9      485.1E-3
900.1E-9      485.1E-3
900.1E-9      485.2E-3
900.1E-9      485.2E-3
900.1E-9      485.2E-3
900.1E-9      485.2E-3
900.1E-9      485.2E-3
900.1E-9      485.2E-3
900.1E-9      485.2E-3
900.1E-9      485.2E-3
900.1E-9      485.2E-3
900.1E-9      485.2E-3
900.1E-9      485.2E-3
900.1E-9      485.2E-3
900.1E-9      485.2E-3
900.1E-9      485.2E-3
900.1E-9      485.2E-3
900.1E-9      485.2E-3
900.1E-9      485.2E-3
900.1E-9      485.3E-3
900.1E-9      485.3E-3
900.1E-9      485.3E-3
900.1E-9      485.3E-3
900.1E-9      485.3E-3
900.1E-9      485.3E-3
900.1E-9      485.3E-3
900.1E-9      485.3E-3
900.1E-9      485.3E-3
900.1E-9      485.3E-3
900.1E-9      485.3E-3
900.1E-9      485.3E-3
900.1E-9      485.3E-3
900.2E-9      485.3E-3
900.2E-9      485.3E-3
900.2E-9      485.4E-3
900.2E-9      485.4E-3
900.2E-9      485.4E-3
900.2E-9      485.4E-3
900.2E-9      485.4E-3
900.2E-9      485.4E-3
900.2E-9      485.4E-3
900.2E-9      485.4E-3
900.2E-9      485.4E-3
900.2E-9      485.4E-3
900.2E-9      485.4E-3
900.2E-9      485.5E-3
900.2E-9      485.5E-3
900.2E-9      485.5E-3
900.2E-9      485.5E-3
900.2E-9      485.4E-3
900.2E-9      485.4E-3
900.2E-9      485.4E-3
900.2E-9      485.4E-3
900.2E-9      485.4E-3
900.2E-9      485.4E-3
900.2E-9      485.4E-3
900.2E-9      485.3E-3
900.2E-9      485.3E-3
900.2E-9      485.3E-3
900.2E-9      485.3E-3
900.2E-9      485.3E-3
900.2E-9      485.3E-3
900.2E-9      485.3E-3
900.2E-9      485.2E-3
900.2E-9      485.2E-3
900.2E-9      485.2E-3
900.2E-9      485.2E-3
900.2E-9      485.2E-3
900.2E-9      485.2E-3
900.2E-9      485.2E-3
900.2E-9      485.2E-3
900.2E-9      485.2E-3
900.2E-9      485.2E-3
900.2E-9      485.2E-3
900.2E-9      485.2E-3
900.2E-9      485.2E-3
900.2E-9      485.2E-3
900.2E-9      485.2E-3
900.2E-9      485.2E-3
900.2E-9      485.2E-3
900.2E-9      485.2E-3
900.2E-9      485.3E-3
900.2E-9      485.3E-3
900.3E-9      485.3E-3
900.3E-9      485.3E-3
900.3E-9      485.3E-3
900.3E-9      485.3E-3
900.3E-9      485.3E-3
900.3E-9      485.3E-3
900.4E-9      485.3E-3
900.4E-9      485.3E-3
900.4E-9      485.3E-3
900.5E-9      485.3E-3
900.6E-9      485.3E-3
900.7E-9      485.4E-3
900.8E-9      485.4E-3
900.9E-9      485.4E-3
901.0E-9      485.4E-3
901.2E-9      485.5E-3
901.4E-9      485.6E-3
901.6E-9      485.7E-3
901.9E-9      486.0E-3
902.3E-9      486.4E-3
902.8E-9      487.3E-3
903.5E-9      488.9E-3
904.2E-9      491.6E-3
905.1E-9      496.1E-3
905.6E-9      498.8E-3
906.0E-9      501.9E-3
906.2E-9      503.5E-3
906.5E-9      506.2E-3
906.8E-9      508.2E-3
907.0E-9      510.4E-3
907.5E-9      515.0E-3
907.8E-9      518.7E-3
908.3E-9      522.8E-3
908.8E-9      528.7E-3
909.4E-9      535.0E-3
910.1E-9      541.9E-3
911.0E-9      549.6E-3
912.1E-9      558.8E-3
913.5E-9      567.8E-3
914.7E-9      573.4E-3
915.7E-9      577.2E-3
916.8E-9      579.9E-3
917.9E-9      581.9E-3
919.0E-9      583.1E-3
920.3E-9      583.7E-3
921.6E-9      583.6E-3
923.1E-9      582.9E-3
924.8E-9      581.6E-3
926.7E-9      579.7E-3
928.8E-9      577.2E-3
931.4E-9      574.0E-3
934.6E-9      569.9E-3
938.7E-9      564.5E-3
943.3E-9      558.8E-3
948.3E-9      552.6E-3
953.9E-9      545.9E-3
960.2E-9      538.7E-3
966.9E-9      531.3E-3
974.1E-9      523.9E-3
982.0E-9      516.6E-3
990.7E-9      509.5E-3
1.001E-6      502.7E-3
1.013E-6      496.3E-3
1.028E-6      490.7E-3
1.040E-6      487.9E-3
1.051E-6      486.4E-3
1.061E-6      485.4E-3
1.072E-6      484.8E-3
1.083E-6      484.4E-3
1.097E-6      484.2E-3
1.112E-6      484.1E-3
1.131E-6      484.0E-3
1.151E-6      484.1E-3
1.171E-6      484.1E-3
1.191E-6      484.1E-3
1.211E-6      484.1E-3
1.231E-6      484.1E-3
1.251E-6      484.1E-3
1.271E-6      484.1E-3
1.291E-6      484.2E-3
1.311E-6      484.2E-3
1.331E-6      484.2E-3
1.351E-6      484.2E-3
1.371E-6      484.2E-3
