862.0E-9       485.7E-3
882.0E-9       485.7E-3
900.0E-9       485.7E-3
900.0E-9       485.7E-3
900.0E-9       485.7E-3
900.0E-9       485.7E-3
900.0E-9       485.7E-3
900.0E-9       485.7E-3
900.0E-9       485.7E-3
900.0E-9       485.7E-3
900.0E-9       485.7E-3
900.0E-9       485.7E-3
900.0E-9       485.7E-3
900.0E-9       485.7E-3
900.0E-9       485.7E-3
900.0E-9       485.7E-3
900.0E-9       485.7E-3
900.0E-9       485.7E-3
900.0E-9       485.7E-3
900.0E-9       485.7E-3
900.0E-9       485.7E-3
900.0E-9       485.7E-3
900.0E-9       485.7E-3
900.0E-9       485.7E-3
900.0E-9       485.7E-3
900.0E-9       485.7E-3
900.0E-9       485.7E-3
900.0E-9       485.7E-3
900.0E-9       485.7E-3
900.0E-9       485.7E-3
900.0E-9       485.7E-3
900.0E-9       485.7E-3
900.0E-9       485.7E-3
900.0E-9       485.7E-3
900.0E-9       485.7E-3
900.0E-9       485.7E-3
900.0E-9       485.7E-3
900.0E-9       485.7E-3
900.0E-9       485.7E-3
900.0E-9       485.7E-3
900.0E-9       485.7E-3
900.0E-9       485.7E-3
900.1E-9       485.7E-3
900.1E-9       485.7E-3
900.1E-9       485.7E-3
900.1E-9       485.7E-3
900.1E-9       485.7E-3
900.1E-9       485.7E-3
900.1E-9       485.7E-3
900.1E-9       485.7E-3
900.1E-9       485.7E-3
900.1E-9       485.7E-3
900.1E-9       485.7E-3
900.1E-9       485.7E-3
900.1E-9       485.7E-3
900.1E-9       485.7E-3
900.1E-9       485.7E-3
900.1E-9       485.7E-3
900.1E-9       485.7E-3
900.1E-9       485.7E-3
900.1E-9       485.7E-3
900.1E-9       485.7E-3
900.1E-9       485.7E-3
900.1E-9       485.7E-3
900.1E-9       485.7E-3
900.1E-9       485.7E-3
900.1E-9       485.7E-3
900.1E-9       485.7E-3
900.1E-9       485.7E-3
900.1E-9       485.7E-3
900.1E-9       485.7E-3
900.1E-9       485.7E-3
900.1E-9       485.7E-3
900.1E-9       485.7E-3
900.1E-9       485.7E-3
900.1E-9       485.7E-3
900.1E-9       485.7E-3
900.1E-9       485.7E-3
900.1E-9       485.7E-3
900.1E-9       485.7E-3
900.1E-9       485.7E-3
900.1E-9       485.7E-3
900.1E-9       485.7E-3
900.1E-9       485.7E-3
900.1E-9       485.7E-3
900.1E-9       485.7E-3
900.1E-9       485.7E-3
900.1E-9       485.7E-3
900.1E-9       485.6E-3
900.1E-9       485.6E-3
900.1E-9       485.6E-3
900.1E-9       485.6E-3
900.1E-9       485.6E-3
900.1E-9       485.6E-3
900.1E-9       485.6E-3
900.1E-9       485.6E-3
900.1E-9       485.6E-3
900.1E-9       485.6E-3
900.1E-9       485.6E-3
900.1E-9       485.6E-3
900.1E-9       485.6E-3
900.1E-9       485.6E-3
900.1E-9       485.6E-3
900.1E-9       485.6E-3
900.1E-9       485.6E-3
900.1E-9       485.6E-3
900.1E-9       485.6E-3
900.1E-9       485.6E-3
900.1E-9       485.6E-3
900.1E-9       485.6E-3
900.1E-9       485.6E-3
900.1E-9       485.6E-3
900.1E-9       485.6E-3
900.1E-9       485.6E-3
900.1E-9       485.6E-3
900.1E-9       485.6E-3
900.1E-9       485.6E-3
900.1E-9       485.6E-3
900.1E-9       485.6E-3
900.1E-9       485.6E-3
900.1E-9       485.6E-3
900.1E-9       485.6E-3
900.1E-9       485.6E-3
900.1E-9       485.6E-3
900.1E-9       485.6E-3
900.1E-9       485.6E-3
900.1E-9       485.6E-3
900.1E-9       485.6E-3
900.1E-9       485.6E-3
900.1E-9       485.6E-3
900.1E-9       485.6E-3
900.1E-9       485.6E-3
900.1E-9       485.6E-3
900.1E-9       485.6E-3
900.1E-9       485.6E-3
900.1E-9       485.6E-3
900.1E-9       485.6E-3
900.1E-9       485.6E-3
900.1E-9       485.6E-3
900.1E-9       485.6E-3
900.1E-9       485.6E-3
900.1E-9       485.7E-3
900.1E-9       485.7E-3
900.1E-9       485.7E-3
900.1E-9       485.7E-3
900.1E-9       485.7E-3
900.1E-9       485.7E-3
900.1E-9       485.7E-3
900.1E-9       485.7E-3
900.1E-9       485.7E-3
900.1E-9       485.7E-3
900.1E-9       485.7E-3
900.1E-9       485.7E-3
900.1E-9       485.7E-3
900.1E-9       485.7E-3
900.1E-9       485.7E-3
900.1E-9       485.7E-3
900.1E-9       485.7E-3
900.1E-9       485.7E-3
900.1E-9       485.7E-3
900.1E-9       485.7E-3
900.1E-9       485.8E-3
900.1E-9       485.8E-3
900.1E-9       485.8E-3
900.1E-9       485.8E-3
900.1E-9       485.8E-3
900.1E-9       485.8E-3
900.1E-9       485.8E-3
900.1E-9       485.8E-3
900.1E-9       485.8E-3
900.1E-9       485.8E-3
900.1E-9       485.8E-3
900.1E-9       485.8E-3
900.1E-9       485.8E-3
900.1E-9       485.8E-3
900.1E-9       485.8E-3
900.1E-9       485.8E-3
900.1E-9       485.8E-3
900.1E-9       485.8E-3
900.1E-9       485.8E-3
900.1E-9       485.8E-3
900.1E-9       485.8E-3
900.1E-9       485.8E-3
900.1E-9       485.8E-3
900.1E-9       485.8E-3
900.1E-9       485.8E-3
900.1E-9       485.9E-3
900.1E-9       485.9E-3
900.1E-9       485.9E-3
900.1E-9       485.9E-3
900.1E-9       485.9E-3
900.1E-9       485.9E-3
900.1E-9       485.9E-3
900.1E-9       485.9E-3
900.1E-9       485.9E-3
900.1E-9       485.9E-3
900.1E-9       485.9E-3
900.1E-9       485.9E-3
900.1E-9       485.9E-3
900.1E-9       485.9E-3
900.1E-9       485.8E-3
900.1E-9       485.8E-3
900.1E-9       485.8E-3
900.1E-9       485.8E-3
900.1E-9       485.8E-3
900.1E-9       485.8E-3
900.1E-9       485.7E-3
900.1E-9       485.7E-3
900.1E-9       485.7E-3
900.1E-9       485.7E-3
900.1E-9       485.7E-3
900.1E-9       485.7E-3
900.1E-9       485.7E-3
900.1E-9       485.7E-3
900.2E-9       485.7E-3
900.2E-9       485.7E-3
900.2E-9       485.7E-3
900.2E-9       485.7E-3
900.2E-9       485.7E-3
900.2E-9       485.7E-3
900.2E-9       485.7E-3
900.2E-9       485.7E-3
900.2E-9       485.7E-3
900.2E-9       485.7E-3
900.2E-9       485.7E-3
900.2E-9       485.7E-3
900.2E-9       485.7E-3
900.2E-9       485.7E-3
900.2E-9       485.7E-3
900.2E-9       485.7E-3
900.2E-9       485.7E-3
900.2E-9       485.7E-3
900.2E-9       485.7E-3
900.2E-9       485.7E-3
900.2E-9       485.7E-3
900.2E-9       485.7E-3
900.2E-9       485.7E-3
900.2E-9       485.7E-3
900.3E-9       485.7E-3
900.3E-9       485.7E-3
900.3E-9       485.7E-3
900.4E-9       485.7E-3
900.4E-9       485.7E-3
900.5E-9       485.7E-3
900.6E-9       485.7E-3
900.7E-9       485.7E-3
900.8E-9       485.7E-3
900.9E-9       485.7E-3
901.0E-9       485.8E-3
901.1E-9       485.8E-3
901.2E-9       485.9E-3
901.4E-9       486.0E-3
901.6E-9       486.3E-3
901.9E-9       486.8E-3
902.3E-9       488.1E-3
902.8E-9       490.8E-3
903.2E-9       494.2E-3
903.6E-9       498.0E-3
904.0E-9       502.2E-3
904.4E-9       507.1E-3
904.8E-9       512.8E-3
905.2E-9       519.3E-3
905.6E-9       526.8E-3
906.0E-9       533.4E-3
906.5E-9       542.4E-3
906.7E-9       547.3E-3
907.0E-9       552.3E-3
907.2E-9       555.2E-3
907.4E-9       559.4E-3
907.7E-9       565.3E-3
908.1E-9       570.6E-3
908.5E-9       577.1E-3
909.1E-9       583.7E-3
909.8E-9       588.6E-3
910.3E-9       591.1E-3
910.8E-9       592.3E-3
911.4E-9       592.5E-3
911.9E-9       591.8E-3
912.5E-9       590.2E-3
913.1E-9       587.7E-3
913.8E-9       584.2E-3
914.6E-9       579.8E-3
915.4E-9       574.3E-3
916.4E-9       567.7E-3
917.5E-9       560.0E-3
918.8E-9       550.8E-3
920.3E-9       540.3E-3
922.0E-9       529.1E-3
923.9E-9       517.3E-3
926.2E-9       505.2E-3
928.0E-9       496.7E-3
930.1E-9       488.3E-3
931.8E-9       482.9E-3
934.0E-9       477.7E-3
935.7E-9       475.0E-3
938.1E-9       472.9E-3
940.0E-9       472.4E-3
941.9E-9       472.8E-3
943.9E-9       473.9E-3
945.9E-9       475.3E-3
948.0E-9       476.9E-3
950.2E-9       478.7E-3
952.8E-9       480.6E-3
955.8E-9       482.5E-3
959.7E-9       484.1E-3
963.8E-9       485.2E-3
968.6E-9       485.6E-3
973.0E-9       485.6E-3
977.4E-9       485.4E-3
982.3E-9       485.2E-3
988.0E-9       484.9E-3
995.6E-9       484.8E-3
1.005E-6       484.7E-3
1.017E-6       484.8E-3
1.030E-6       484.9E-3
1.047E-6       484.9E-3
1.067E-6       484.9E-3
1.087E-6       484.9E-3
1.107E-6       484.9E-3
1.127E-6       484.9E-3
1.147E-6       484.9E-3
1.167E-6       484.9E-3
1.187E-6       485.0E-3
1.207E-6       485.0E-3
1.227E-6       485.0E-3
1.247E-6       485.0E-3
1.267E-6       485.0E-3
1.287E-6       485.0E-3
1.307E-6       485.0E-3
1.327E-6       485.0E-3
1.347E-6       485.0E-3
1.367E-6       485.1E-3
