867.9E-9       485.5E-3
884.0E-9       485.5E-3
900.0E-9       485.5E-3
900.0E-9       485.5E-3
900.0E-9       485.5E-3
900.0E-9       485.5E-3
900.0E-9       485.5E-3
900.0E-9       485.5E-3
900.0E-9       485.5E-3
900.0E-9       485.5E-3
900.0E-9       485.5E-3
900.0E-9       485.5E-3
900.0E-9       485.5E-3
900.0E-9       485.5E-3
900.0E-9       485.5E-3
900.0E-9       485.5E-3
900.0E-9       485.5E-3
900.0E-9       485.5E-3
900.0E-9       485.5E-3
900.0E-9       485.5E-3
900.0E-9       485.5E-3
900.0E-9       485.5E-3
900.0E-9       485.5E-3
900.0E-9       485.5E-3
900.0E-9       485.5E-3
900.0E-9       485.5E-3
900.0E-9       485.5E-3
900.0E-9       485.5E-3
900.0E-9       485.5E-3
900.0E-9       485.5E-3
900.0E-9       485.5E-3
900.0E-9       485.5E-3
900.0E-9       485.5E-3
900.0E-9       485.5E-3
900.1E-9       485.5E-3
900.1E-9       485.5E-3
900.1E-9       485.5E-3
900.1E-9       485.5E-3
900.1E-9       485.5E-3
900.1E-9       485.5E-3
900.1E-9       485.5E-3
900.1E-9       485.5E-3
900.1E-9       485.5E-3
900.1E-9       485.5E-3
900.1E-9       485.5E-3
900.1E-9       485.5E-3
900.1E-9       485.5E-3
900.1E-9       485.5E-3
900.1E-9       485.5E-3
900.1E-9       485.5E-3
900.1E-9       485.5E-3
900.1E-9       485.5E-3
900.1E-9       485.5E-3
900.1E-9       485.5E-3
900.1E-9       485.5E-3
900.1E-9       485.5E-3
900.1E-9       485.5E-3
900.1E-9       485.5E-3
900.1E-9       485.5E-3
900.1E-9       485.5E-3
900.1E-9       485.5E-3
900.1E-9       485.5E-3
900.1E-9       485.5E-3
900.1E-9       485.5E-3
900.1E-9       485.5E-3
900.1E-9       485.5E-3
900.1E-9       485.5E-3
900.1E-9       485.5E-3
900.1E-9       485.5E-3
900.1E-9       485.5E-3
900.1E-9       485.5E-3
900.1E-9       485.5E-3
900.1E-9       485.5E-3
900.1E-9       485.5E-3
900.1E-9       485.5E-3
900.1E-9       485.5E-3
900.1E-9       485.5E-3
900.1E-9       485.5E-3
900.1E-9       485.5E-3
900.1E-9       485.5E-3
900.1E-9       485.5E-3
900.1E-9       485.5E-3
900.1E-9       485.5E-3
900.1E-9       485.5E-3
900.1E-9       485.5E-3
900.1E-9       485.5E-3
900.1E-9       485.5E-3
900.1E-9       485.5E-3
900.1E-9       485.5E-3
900.1E-9       485.5E-3
900.1E-9       485.5E-3
900.1E-9       485.5E-3
900.1E-9       485.4E-3
900.1E-9       485.4E-3
900.1E-9       485.4E-3
900.1E-9       485.4E-3
900.1E-9       485.4E-3
900.1E-9       485.4E-3
900.1E-9       485.4E-3
900.1E-9       485.3E-3
900.1E-9       485.3E-3
900.1E-9       485.3E-3
900.1E-9       485.3E-3
900.1E-9       485.3E-3
900.1E-9       485.3E-3
900.1E-9       485.3E-3
900.1E-9       485.3E-3
900.1E-9       485.3E-3
900.1E-9       485.3E-3
900.1E-9       485.3E-3
900.1E-9       485.3E-3
900.1E-9       485.3E-3
900.1E-9       485.3E-3
900.1E-9       485.2E-3
900.1E-9       485.2E-3
900.1E-9       485.2E-3
900.1E-9       485.2E-3
900.1E-9       485.2E-3
900.1E-9       485.2E-3
900.1E-9       485.2E-3
900.1E-9       485.2E-3
900.1E-9       485.2E-3
900.1E-9       485.2E-3
900.1E-9       485.2E-3
900.1E-9       485.3E-3
900.1E-9       485.3E-3
900.1E-9       485.3E-3
900.1E-9       485.3E-3
900.1E-9       485.3E-3
900.1E-9       485.3E-3
900.1E-9       485.3E-3
900.1E-9       485.3E-3
900.1E-9       485.3E-3
900.1E-9       485.3E-3
900.1E-9       485.3E-3
900.1E-9       485.3E-3
900.1E-9       485.3E-3
900.1E-9       485.3E-3
900.1E-9       485.3E-3
900.1E-9       485.3E-3
900.1E-9       485.3E-3
900.1E-9       485.3E-3
900.1E-9       485.4E-3
900.1E-9       485.4E-3
900.1E-9       485.4E-3
900.1E-9       485.4E-3
900.1E-9       485.4E-3
900.1E-9       485.4E-3
900.1E-9       485.4E-3
900.1E-9       485.4E-3
900.1E-9       485.4E-3
900.1E-9       485.4E-3
900.1E-9       485.4E-3
900.1E-9       485.4E-3
900.1E-9       485.4E-3
900.1E-9       485.4E-3
900.1E-9       485.4E-3
900.1E-9       485.4E-3
900.1E-9       485.4E-3
900.1E-9       485.4E-3
900.1E-9       485.4E-3
900.1E-9       485.4E-3
900.1E-9       485.4E-3
900.1E-9       485.4E-3
900.1E-9       485.5E-3
900.2E-9       485.5E-3
900.2E-9       485.5E-3
900.2E-9       485.5E-3
900.2E-9       485.5E-3
900.2E-9       485.5E-3
900.2E-9       485.5E-3
900.2E-9       485.5E-3
900.2E-9       485.5E-3
900.2E-9       485.6E-3
900.2E-9       485.6E-3
900.2E-9       485.6E-3
900.2E-9       485.6E-3
900.2E-9       485.6E-3
900.2E-9       485.6E-3
900.2E-9       485.6E-3
900.2E-9       485.6E-3
900.2E-9       485.6E-3
900.2E-9       485.6E-3
900.2E-9       485.6E-3
900.2E-9       485.6E-3
900.2E-9       485.6E-3
900.2E-9       485.5E-3
900.2E-9       485.5E-3
900.2E-9       485.5E-3
900.2E-9       485.5E-3
900.2E-9       485.5E-3
900.2E-9       485.4E-3
900.2E-9       485.4E-3
900.2E-9       485.4E-3
900.2E-9       485.4E-3
900.2E-9       485.4E-3
900.2E-9       485.4E-3
900.2E-9       485.4E-3
900.2E-9       485.4E-3
900.2E-9       485.4E-3
900.2E-9       485.4E-3
900.2E-9       485.4E-3
900.2E-9       485.4E-3
900.2E-9       485.4E-3
900.2E-9       485.4E-3
900.2E-9       485.4E-3
900.2E-9       485.4E-3
900.2E-9       485.4E-3
900.2E-9       485.4E-3
900.2E-9       485.4E-3
900.2E-9       485.4E-3
900.2E-9       485.4E-3
900.2E-9       485.4E-3
900.2E-9       485.4E-3
900.2E-9       485.4E-3
900.2E-9       485.4E-3
900.3E-9       485.4E-3
900.3E-9       485.4E-3
900.3E-9       485.4E-3
900.3E-9       485.4E-3
900.3E-9       485.4E-3
900.3E-9       485.4E-3
900.4E-9       485.4E-3
900.4E-9       485.5E-3
900.4E-9       485.5E-3
900.5E-9       485.5E-3
900.6E-9       485.5E-3
900.7E-9       485.5E-3
900.8E-9       485.5E-3
900.9E-9       485.5E-3
901.0E-9       485.6E-3
901.2E-9       485.6E-3
901.4E-9       485.7E-3
901.6E-9       485.8E-3
901.9E-9       486.1E-3
902.3E-9       486.5E-3
902.8E-9       487.4E-3
903.5E-9       489.0E-3
904.2E-9       491.7E-3
905.1E-9       496.1E-3
905.6E-9       498.9E-3
906.0E-9       502.0E-3
906.2E-9       503.6E-3
906.5E-9       506.2E-3
906.8E-9       508.2E-3
907.0E-9       510.4E-3
907.5E-9       514.9E-3
907.8E-9       518.5E-3
908.2E-9       522.6E-3
908.8E-9       528.3E-3
909.4E-9       534.5E-3
910.1E-9       541.2E-3
910.9E-9       548.5E-3
912.0E-9       557.1E-3
913.3E-9       565.3E-3
914.5E-9       570.8E-3
915.5E-9       574.3E-3
916.5E-9       576.5E-3
917.6E-9       577.9E-3
918.7E-9       578.4E-3
919.9E-9       578.1E-3
921.1E-9       577.1E-3
922.5E-9       575.2E-3
924.0E-9       572.6E-3
925.7E-9       569.2E-3
927.6E-9       564.9E-3
929.7E-9       559.8E-3
932.2E-9       553.7E-3
935.0E-9       546.6E-3
938.5E-9       538.1E-3
942.5E-9       528.9E-3
947.1E-9       519.3E-3
951.8E-9       510.3E-3
956.6E-9       502.4E-3
961.5E-9       495.6E-3
966.9E-9       490.0E-3
973.0E-9       485.6E-3
979.1E-9       482.8E-3
984.4E-9       481.7E-3
989.3E-9       481.3E-3
994.2E-9       481.3E-3
999.3E-9       481.6E-3
1.005E-6       482.1E-3
1.011E-6       482.7E-3
1.019E-6       483.3E-3
1.029E-6       483.9E-3
1.040E-6       484.3E-3
1.054E-6       484.5E-3
1.069E-6       484.5E-3
1.086E-6       484.4E-3
1.105E-6       484.4E-3
1.125E-6       484.4E-3
1.145E-6       484.4E-3
1.165E-6       484.4E-3
1.185E-6       484.4E-3
1.205E-6       484.4E-3
1.225E-6       484.5E-3
1.245E-6       484.5E-3
1.265E-6       484.5E-3
1.285E-6       484.5E-3
1.305E-6       484.5E-3
1.325E-6       484.5E-3
1.345E-6       484.5E-3
