861.4E-9      485.2E-3
881.4E-9      485.2E-3
900.0E-9      485.2E-3
900.0E-9      485.2E-3
900.0E-9      485.2E-3
900.0E-9      485.2E-3
900.0E-9      485.2E-3
900.0E-9      485.2E-3
900.0E-9      485.2E-3
900.0E-9      485.2E-3
900.0E-9      485.2E-3
900.0E-9      485.2E-3
900.0E-9      485.2E-3
900.0E-9      485.2E-3
900.0E-9      485.2E-3
900.0E-9      485.2E-3
900.0E-9      485.2E-3
900.0E-9      485.2E-3
900.0E-9      485.2E-3
900.0E-9      485.2E-3
900.0E-9      485.2E-3
900.0E-9      485.2E-3
900.0E-9      485.2E-3
900.0E-9      485.2E-3
900.0E-9      485.2E-3
900.0E-9      485.2E-3
900.0E-9      485.2E-3
900.0E-9      485.2E-3
900.0E-9      485.2E-3
900.0E-9      485.2E-3
900.0E-9      485.2E-3
900.0E-9      485.2E-3
900.0E-9      485.2E-3
900.0E-9      485.2E-3
900.0E-9      485.2E-3
900.0E-9      485.2E-3
900.0E-9      485.2E-3
900.0E-9      485.2E-3
900.0E-9      485.2E-3
900.0E-9      485.2E-3
900.0E-9      485.2E-3
900.0E-9      485.2E-3
900.1E-9      485.2E-3
900.1E-9      485.2E-3
900.1E-9      485.2E-3
900.1E-9      485.2E-3
900.1E-9      485.2E-3
900.1E-9      485.2E-3
900.1E-9      485.2E-3
900.1E-9      485.2E-3
900.1E-9      485.2E-3
900.1E-9      485.2E-3
900.1E-9      485.2E-3
900.1E-9      485.2E-3
900.1E-9      485.2E-3
900.1E-9      485.2E-3
900.1E-9      485.2E-3
900.1E-9      485.2E-3
900.1E-9      485.2E-3
900.1E-9      485.2E-3
900.1E-9      485.2E-3
900.1E-9      485.2E-3
900.1E-9      485.2E-3
900.1E-9      485.2E-3
900.1E-9      485.2E-3
900.1E-9      485.2E-3
900.1E-9      485.2E-3
900.1E-9      485.2E-3
900.1E-9      485.2E-3
900.1E-9      485.2E-3
900.1E-9      485.2E-3
900.1E-9      485.2E-3
900.1E-9      485.2E-3
900.1E-9      485.2E-3
900.1E-9      485.2E-3
900.1E-9      485.2E-3
900.1E-9      485.2E-3
900.1E-9      485.2E-3
900.1E-9      485.2E-3
900.1E-9      485.2E-3
900.1E-9      485.2E-3
900.1E-9      485.2E-3
900.1E-9      485.1E-3
900.1E-9      485.1E-3
900.1E-9      485.1E-3
900.1E-9      485.1E-3
900.1E-9      485.1E-3
900.1E-9      485.1E-3
900.1E-9      485.1E-3
900.1E-9      485.1E-3
900.1E-9      485.1E-3
900.1E-9      485.1E-3
900.1E-9      485.1E-3
900.1E-9      485.1E-3
900.1E-9      485.1E-3
900.1E-9      485.0E-3
900.1E-9      485.0E-3
900.1E-9      485.0E-3
900.1E-9      485.0E-3
900.1E-9      485.0E-3
900.1E-9      485.0E-3
900.1E-9      485.0E-3
900.1E-9      485.0E-3
900.1E-9      485.0E-3
900.1E-9      485.0E-3
900.1E-9      485.0E-3
900.1E-9      485.0E-3
900.1E-9      485.0E-3
900.1E-9      485.0E-3
900.1E-9      485.0E-3
900.1E-9      485.0E-3
900.1E-9      485.0E-3
900.1E-9      485.0E-3
900.1E-9      485.0E-3
900.1E-9      485.0E-3
900.1E-9      485.0E-3
900.1E-9      485.0E-3
900.1E-9      485.0E-3
900.1E-9      485.0E-3
900.1E-9      485.0E-3
900.1E-9      485.0E-3
900.1E-9      485.0E-3
900.1E-9      485.0E-3
900.1E-9      485.0E-3
900.1E-9      485.0E-3
900.1E-9      485.0E-3
900.1E-9      485.0E-3
900.1E-9      485.0E-3
900.1E-9      485.0E-3
900.1E-9      485.0E-3
900.1E-9      485.0E-3
900.1E-9      485.0E-3
900.1E-9      485.0E-3
900.1E-9      485.0E-3
900.1E-9      485.0E-3
900.1E-9      485.0E-3
900.1E-9      485.0E-3
900.1E-9      485.1E-3
900.1E-9      485.1E-3
900.1E-9      485.1E-3
900.1E-9      485.1E-3
900.1E-9      485.1E-3
900.1E-9      485.1E-3
900.1E-9      485.1E-3
900.1E-9      485.1E-3
900.1E-9      485.1E-3
900.1E-9      485.1E-3
900.1E-9      485.2E-3
900.1E-9      485.2E-3
900.1E-9      485.2E-3
900.1E-9      485.2E-3
900.1E-9      485.2E-3
900.1E-9      485.2E-3
900.1E-9      485.2E-3
900.1E-9      485.2E-3
900.1E-9      485.2E-3
900.1E-9      485.2E-3
900.1E-9      485.2E-3
900.1E-9      485.2E-3
900.1E-9      485.2E-3
900.1E-9      485.2E-3
900.1E-9      485.2E-3
900.1E-9      485.2E-3
900.1E-9      485.2E-3
900.1E-9      485.2E-3
900.1E-9      485.2E-3
900.1E-9      485.2E-3
900.1E-9      485.2E-3
900.1E-9      485.2E-3
900.1E-9      485.2E-3
900.1E-9      485.2E-3
900.1E-9      485.2E-3
900.1E-9      485.2E-3
900.1E-9      485.2E-3
900.1E-9      485.2E-3
900.1E-9      485.2E-3
900.1E-9      485.2E-3
900.1E-9      485.2E-3
900.1E-9      485.2E-3
900.1E-9      485.2E-3
900.1E-9      485.2E-3
900.1E-9      485.3E-3
900.1E-9      485.3E-3
900.1E-9      485.3E-3
900.1E-9      485.3E-3
900.1E-9      485.3E-3
900.1E-9      485.3E-3
900.1E-9      485.3E-3
900.1E-9      485.3E-3
900.1E-9      485.3E-3
900.1E-9      485.3E-3
900.1E-9      485.3E-3
900.1E-9      485.3E-3
900.1E-9      485.3E-3
900.1E-9      485.3E-3
900.1E-9      485.3E-3
900.1E-9      485.3E-3
900.1E-9      485.3E-3
900.1E-9      485.3E-3
900.1E-9      485.3E-3
900.1E-9      485.3E-3
900.1E-9      485.3E-3
900.1E-9      485.3E-3
900.1E-9      485.2E-3
900.1E-9      485.2E-3
900.1E-9      485.2E-3
900.1E-9      485.2E-3
900.1E-9      485.2E-3
900.1E-9      485.2E-3
900.1E-9      485.2E-3
900.1E-9      485.2E-3
900.1E-9      485.2E-3
900.1E-9      485.1E-3
900.1E-9      485.1E-3
900.2E-9      485.1E-3
900.2E-9      485.1E-3
900.2E-9      485.1E-3
900.2E-9      485.1E-3
900.2E-9      485.1E-3
900.2E-9      485.1E-3
900.2E-9      485.1E-3
900.2E-9      485.1E-3
900.2E-9      485.1E-3
900.2E-9      485.1E-3
900.2E-9      485.1E-3
900.2E-9      485.1E-3
900.2E-9      485.1E-3
900.2E-9      485.1E-3
900.2E-9      485.1E-3
900.2E-9      485.1E-3
900.2E-9      485.1E-3
900.2E-9      485.1E-3
900.2E-9      485.1E-3
900.2E-9      485.1E-3
900.2E-9      485.1E-3
900.2E-9      485.2E-3
900.2E-9      485.2E-3
900.2E-9      485.2E-3
900.3E-9      485.2E-3
900.3E-9      485.2E-3
900.3E-9      485.2E-3
900.4E-9      485.2E-3
900.4E-9      485.2E-3
900.5E-9      485.2E-3
900.6E-9      485.2E-3
900.7E-9      485.2E-3
900.8E-9      485.2E-3
900.9E-9      485.2E-3
901.0E-9      485.2E-3
901.1E-9      485.3E-3
901.2E-9      485.3E-3
901.4E-9      485.5E-3
901.6E-9      485.7E-3
901.9E-9      486.3E-3
902.3E-9      487.6E-3
902.8E-9      490.3E-3
903.3E-9      493.9E-3
903.7E-9      497.8E-3
904.0E-9      502.2E-3
904.4E-9      507.4E-3
904.8E-9      513.4E-3
905.3E-9      520.4E-3
905.6E-9      527.0E-3
906.0E-9      533.9E-3
906.5E-9      543.8E-3
906.7E-9      548.7E-3
907.0E-9      553.6E-3
907.2E-9      557.0E-3
907.4E-9      561.5E-3
907.8E-9      567.7E-3
908.1E-9      573.8E-3
908.6E-9      581.4E-3
909.2E-9      589.2E-3
909.9E-9      595.2E-3
910.4E-9      599.1E-3
911.0E-9      601.8E-3
911.5E-9      603.6E-3
912.1E-9      604.8E-3
912.8E-9      605.3E-3
913.5E-9      605.2E-3
914.3E-9      604.5E-3
915.2E-9      603.2E-3
916.3E-9      601.4E-3
917.6E-9      598.8E-3
919.3E-9      595.5E-3
921.3E-9      591.7E-3
923.7E-9      587.3E-3
925.7E-9      583.5E-3
927.9E-9      579.5E-3
930.5E-9      574.9E-3
933.6E-9      569.5E-3
937.1E-9      563.3E-3
941.2E-9      556.1E-3
946.3E-9      547.6E-3
951.6E-9      539.1E-3
957.1E-9      530.7E-3
962.8E-9      522.6E-3
968.9E-9      514.9E-3
974.9E-9      508.3E-3
980.7E-9      502.8E-3
986.3E-9      498.3E-3
991.9E-9      494.7E-3
997.6E-9      491.7E-3
1.004E-6      489.3E-3
1.010E-6      487.4E-3
1.017E-6      486.0E-3
1.024E-6      484.9E-3
1.033E-6      484.3E-3
1.042E-6      483.9E-3
1.052E-6      483.7E-3
1.063E-6      483.7E-3
1.077E-6      483.8E-3
1.093E-6      483.9E-3
1.113E-6      484.0E-3
1.133E-6      484.1E-3
1.153E-6      484.1E-3
1.173E-6      484.1E-3
1.193E-6      484.1E-3
1.213E-6      484.1E-3
1.233E-6      484.1E-3
1.253E-6      484.1E-3
1.273E-6      484.2E-3
1.293E-6      484.2E-3
1.313E-6      484.2E-3
1.333E-6      484.2E-3
1.353E-6      484.2E-3
1.373E-6      484.2E-3
