864.0E-9       -45.33E-3
884.0E-9       -45.33E-3
900.0E-9       -45.32E-3
900.0E-9       -45.32E-3
900.0E-9       -45.32E-3
900.0E-9       -45.32E-3
900.0E-9       -45.32E-3
900.0E-9       -45.32E-3
900.0E-9       -45.32E-3
900.0E-9       -45.32E-3
900.0E-9       -45.32E-3
900.0E-9       -45.33E-3
900.0E-9       -45.33E-3
900.0E-9       -45.33E-3
900.0E-9       -45.33E-3
900.0E-9       -45.33E-3
900.0E-9       -45.33E-3
900.0E-9       -45.33E-3
900.0E-9       -45.33E-3
900.0E-9       -45.33E-3
900.0E-9       -45.33E-3
900.0E-9       -45.33E-3
900.0E-9       -45.33E-3
900.0E-9       -45.33E-3
900.0E-9       -45.33E-3
900.0E-9       -45.33E-3
900.0E-9       -45.33E-3
900.0E-9       -45.33E-3
900.0E-9       -45.33E-3
900.0E-9       -45.33E-3
900.0E-9       -45.33E-3
900.0E-9       -45.33E-3
900.0E-9       -45.33E-3
900.0E-9       -45.33E-3
900.1E-9       -45.33E-3
900.1E-9       -45.33E-3
900.1E-9       -45.33E-3
900.1E-9       -45.33E-3
900.1E-9       -45.33E-3
900.1E-9       -45.33E-3
900.1E-9       -45.33E-3
900.1E-9       -45.33E-3
900.1E-9       -45.33E-3
900.1E-9       -45.33E-3
900.1E-9       -45.33E-3
900.1E-9       -45.33E-3
900.1E-9       -45.33E-3
900.1E-9       -45.33E-3
900.1E-9       -45.33E-3
900.1E-9       -45.33E-3
900.1E-9       -45.33E-3
900.1E-9       -45.33E-3
900.1E-9       -45.33E-3
900.1E-9       -45.33E-3
900.1E-9       -45.33E-3
900.1E-9       -45.33E-3
900.1E-9       -45.33E-3
900.1E-9       -45.33E-3
900.1E-9       -45.33E-3
900.1E-9       -45.33E-3
900.1E-9       -45.33E-3
900.1E-9       -45.33E-3
900.1E-9       -45.33E-3
900.1E-9       -45.33E-3
900.1E-9       -45.33E-3
900.1E-9       -45.33E-3
900.1E-9       -45.33E-3
900.1E-9       -45.33E-3
900.1E-9       -45.33E-3
900.1E-9       -45.33E-3
900.1E-9       -45.33E-3
900.1E-9       -45.33E-3
900.1E-9       -45.33E-3
900.1E-9       -45.33E-3
900.1E-9       -45.33E-3
900.1E-9       -45.33E-3
900.1E-9       -45.33E-3
900.1E-9       -45.33E-3
900.1E-9       -45.33E-3
900.1E-9       -45.33E-3
900.1E-9       -45.33E-3
900.1E-9       -45.33E-3
900.1E-9       -45.33E-3
900.1E-9       -45.33E-3
900.1E-9       -45.33E-3
900.1E-9       -45.33E-3
900.1E-9       -45.33E-3
900.1E-9       -45.33E-3
900.1E-9       -45.33E-3
900.1E-9       -45.33E-3
900.1E-9       -45.33E-3
900.1E-9       -45.33E-3
900.1E-9       -45.33E-3
900.1E-9       -45.33E-3
900.1E-9       -45.33E-3
900.1E-9       -45.33E-3
900.1E-9       -45.33E-3
900.1E-9       -45.33E-3
900.1E-9       -45.33E-3
900.1E-9       -45.33E-3
900.1E-9       -45.33E-3
900.1E-9       -45.33E-3
900.1E-9       -45.33E-3
900.1E-9       -45.33E-3
900.1E-9       -45.33E-3
900.1E-9       -45.33E-3
900.1E-9       -45.33E-3
900.1E-9       -45.33E-3
900.1E-9       -45.33E-3
900.1E-9       -45.33E-3
900.1E-9       -45.33E-3
900.1E-9       -45.33E-3
900.1E-9       -45.33E-3
900.1E-9       -45.33E-3
900.1E-9       -45.33E-3
900.1E-9       -45.33E-3
900.1E-9       -45.33E-3
900.1E-9       -45.33E-3
900.1E-9       -45.33E-3
900.1E-9       -45.33E-3
900.1E-9       -45.33E-3
900.1E-9       -45.33E-3
900.1E-9       -45.33E-3
900.1E-9       -45.33E-3
900.1E-9       -45.33E-3
900.1E-9       -45.33E-3
900.1E-9       -45.33E-3
900.1E-9       -45.33E-3
900.1E-9       -45.33E-3
900.1E-9       -45.33E-3
900.1E-9       -45.33E-3
900.1E-9       -45.33E-3
900.1E-9       -45.33E-3
900.1E-9       -45.33E-3
900.1E-9       -45.33E-3
900.1E-9       -45.33E-3
900.1E-9       -45.33E-3
900.1E-9       -45.33E-3
900.1E-9       -45.33E-3
900.1E-9       -45.33E-3
900.1E-9       -45.33E-3
900.1E-9       -45.33E-3
900.1E-9       -45.33E-3
900.1E-9       -45.33E-3
900.1E-9       -45.33E-3
900.1E-9       -45.33E-3
900.1E-9       -45.33E-3
900.1E-9       -45.33E-3
900.1E-9       -45.33E-3
900.1E-9       -45.33E-3
900.1E-9       -45.33E-3
900.1E-9       -45.33E-3
900.1E-9       -45.33E-3
900.1E-9       -45.33E-3
900.1E-9       -45.33E-3
900.1E-9       -45.33E-3
900.1E-9       -45.33E-3
900.1E-9       -45.33E-3
900.1E-9       -45.33E-3
900.1E-9       -45.33E-3
900.1E-9       -45.33E-3
900.1E-9       -45.33E-3
900.1E-9       -45.33E-3
900.1E-9       -45.32E-3
900.1E-9       -45.32E-3
900.2E-9       -45.32E-3
900.2E-9       -45.32E-3
900.2E-9       -45.32E-3
900.2E-9       -45.32E-3
900.2E-9       -45.32E-3
900.2E-9       -45.32E-3
900.2E-9       -45.32E-3
900.2E-9       -45.32E-3
900.2E-9       -45.32E-3
900.2E-9       -45.32E-3
900.2E-9       -45.32E-3
900.2E-9       -45.32E-3
900.2E-9       -45.32E-3
900.2E-9       -45.32E-3
900.2E-9       -45.32E-3
900.2E-9       -45.32E-3
900.2E-9       -45.32E-3
900.2E-9       -45.32E-3
900.2E-9       -45.32E-3
900.2E-9       -45.32E-3
900.2E-9       -45.32E-3
900.2E-9       -45.32E-3
900.2E-9       -45.32E-3
900.2E-9       -45.32E-3
900.2E-9       -45.32E-3
900.2E-9       -45.32E-3
900.2E-9       -45.32E-3
900.2E-9       -45.32E-3
900.2E-9       -45.32E-3
900.2E-9       -45.32E-3
900.2E-9       -45.32E-3
900.2E-9       -45.32E-3
900.2E-9       -45.32E-3
900.2E-9       -45.32E-3
900.2E-9       -45.32E-3
900.2E-9       -45.32E-3
900.2E-9       -45.32E-3
900.2E-9       -45.32E-3
900.2E-9       -45.32E-3
900.2E-9       -45.32E-3
900.2E-9       -45.32E-3
900.2E-9       -45.32E-3
900.2E-9       -45.32E-3
900.2E-9       -45.32E-3
900.2E-9       -45.32E-3
900.2E-9       -45.32E-3
900.2E-9       -45.32E-3
900.2E-9       -45.32E-3
900.2E-9       -45.32E-3
900.2E-9       -45.32E-3
900.2E-9       -45.32E-3
900.3E-9       -45.32E-3
900.3E-9       -45.32E-3
900.3E-9       -45.32E-3
900.3E-9       -45.32E-3
900.3E-9       -45.32E-3
900.3E-9       -45.32E-3
900.4E-9       -45.33E-3
900.4E-9       -45.33E-3
900.4E-9       -45.33E-3
900.5E-9       -45.33E-3
900.6E-9       -45.34E-3
900.7E-9       -45.34E-3
900.8E-9       -45.34E-3
900.9E-9       -45.35E-3
901.0E-9       -45.35E-3
901.2E-9       -45.35E-3
901.4E-9       -45.35E-3
901.6E-9       -45.35E-3
901.9E-9       -45.34E-3
902.3E-9       -45.31E-3
902.8E-9       -45.24E-3
903.5E-9       -45.06E-3
904.2E-9       -44.66E-3
905.1E-9       -43.77E-3
905.6E-9       -43.15E-3
906.0E-9       -42.38E-3
906.2E-9       -41.93E-3
906.5E-9       -41.17E-3
906.8E-9       -40.54E-3
907.0E-9       -39.85E-3
907.5E-9       -38.12E-3
907.8E-9       -36.62E-3
908.3E-9       -34.81E-3
908.8E-9       -31.91E-3
909.4E-9       -28.29E-3
910.1E-9       -23.63E-3
911.0E-9       -17.35E-3
912.1E-9       -7.827E-3
913.5E-9       4.467E-3
914.7E-9       14.71E-3
915.7E-9       23.96E-3
916.8E-9       32.90E-3
917.9E-9       41.63E-3
919.0E-9       50.37E-3
920.3E-9       59.10E-3
921.6E-9       67.76E-3
923.1E-9       76.24E-3
924.8E-9       84.40E-3
926.7E-9       92.10E-3
928.8E-9       99.14E-3
931.4E-9       105.3E-3
934.6E-9       110.1E-3
938.7E-9       112.7E-3
943.3E-9       112.0E-3
948.3E-9       107.9E-3
953.9E-9       100.4E-3
960.2E-9       89.80E-3
966.9E-9       76.76E-3
974.1E-9       61.82E-3
982.0E-9       45.59E-3
990.7E-9       28.59E-3
1.001E-6       11.20E-3
1.013E-6       -6.412E-3
1.028E-6       -23.18E-3
1.040E-6       -32.15E-3
1.051E-6       -37.77E-3
1.061E-6       -41.59E-3
1.072E-6       -44.18E-3
1.083E-6       -45.94E-3
1.097E-6       -47.08E-3
1.112E-6       -47.74E-3
1.131E-6       -48.04E-3
1.151E-6       -48.09E-3
1.171E-6       -48.05E-3
1.191E-6       -47.99E-3
1.211E-6       -47.94E-3
1.231E-6       -47.91E-3
1.251E-6       -47.88E-3
1.271E-6       -47.86E-3
1.291E-6       -47.85E-3
1.311E-6       -47.83E-3
1.331E-6       -47.81E-3
1.351E-6       -47.80E-3
1.371E-6       -47.78E-3
