864.8E-9       -45.23E-3
884.8E-9       -45.23E-3
900.0E-9       -45.23E-3
900.0E-9       -45.23E-3
900.0E-9       -45.23E-3
900.0E-9       -45.23E-3
900.0E-9       -45.23E-3
900.0E-9       -45.23E-3
900.0E-9       -45.23E-3
900.0E-9       -45.23E-3
900.0E-9       -45.23E-3
900.0E-9       -45.23E-3
900.0E-9       -45.23E-3
900.0E-9       -45.23E-3
900.0E-9       -45.23E-3
900.0E-9       -45.23E-3
900.0E-9       -45.23E-3
900.0E-9       -45.23E-3
900.0E-9       -45.23E-3
900.0E-9       -45.23E-3
900.0E-9       -45.23E-3
900.0E-9       -45.23E-3
900.0E-9       -45.23E-3
900.0E-9       -45.23E-3
900.0E-9       -45.23E-3
900.0E-9       -45.23E-3
900.0E-9       -45.23E-3
900.0E-9       -45.23E-3
900.0E-9       -45.23E-3
900.0E-9       -45.23E-3
900.0E-9       -45.23E-3
900.0E-9       -45.23E-3
900.0E-9       -45.23E-3
900.0E-9       -45.23E-3
900.1E-9       -45.23E-3
900.1E-9       -45.23E-3
900.1E-9       -45.23E-3
900.1E-9       -45.23E-3
900.1E-9       -45.23E-3
900.1E-9       -45.23E-3
900.1E-9       -45.23E-3
900.1E-9       -45.23E-3
900.1E-9       -45.23E-3
900.1E-9       -45.23E-3
900.1E-9       -45.23E-3
900.1E-9       -45.23E-3
900.1E-9       -45.23E-3
900.1E-9       -45.23E-3
900.1E-9       -45.23E-3
900.1E-9       -45.23E-3
900.1E-9       -45.23E-3
900.1E-9       -45.23E-3
900.1E-9       -45.23E-3
900.1E-9       -45.23E-3
900.1E-9       -45.23E-3
900.1E-9       -45.23E-3
900.1E-9       -45.23E-3
900.1E-9       -45.23E-3
900.1E-9       -45.23E-3
900.1E-9       -45.23E-3
900.1E-9       -45.23E-3
900.1E-9       -45.23E-3
900.1E-9       -45.23E-3
900.1E-9       -45.23E-3
900.1E-9       -45.23E-3
900.1E-9       -45.23E-3
900.1E-9       -45.23E-3
900.1E-9       -45.23E-3
900.1E-9       -45.23E-3
900.1E-9       -45.23E-3
900.1E-9       -45.23E-3
900.1E-9       -45.23E-3
900.1E-9       -45.23E-3
900.1E-9       -45.23E-3
900.1E-9       -45.23E-3
900.1E-9       -45.23E-3
900.1E-9       -45.23E-3
900.1E-9       -45.23E-3
900.1E-9       -45.23E-3
900.1E-9       -45.23E-3
900.1E-9       -45.23E-3
900.1E-9       -45.23E-3
900.1E-9       -45.23E-3
900.1E-9       -45.23E-3
900.1E-9       -45.23E-3
900.1E-9       -45.23E-3
900.1E-9       -45.23E-3
900.1E-9       -45.23E-3
900.1E-9       -45.23E-3
900.1E-9       -45.23E-3
900.1E-9       -45.23E-3
900.1E-9       -45.23E-3
900.1E-9       -45.23E-3
900.1E-9       -45.23E-3
900.1E-9       -45.23E-3
900.1E-9       -45.23E-3
900.1E-9       -45.23E-3
900.1E-9       -45.23E-3
900.1E-9       -45.23E-3
900.1E-9       -45.23E-3
900.1E-9       -45.23E-3
900.1E-9       -45.23E-3
900.1E-9       -45.23E-3
900.1E-9       -45.23E-3
900.1E-9       -45.23E-3
900.1E-9       -45.23E-3
900.1E-9       -45.23E-3
900.1E-9       -45.23E-3
900.1E-9       -45.23E-3
900.1E-9       -45.23E-3
900.1E-9       -45.23E-3
900.1E-9       -45.23E-3
900.1E-9       -45.23E-3
900.1E-9       -45.23E-3
900.1E-9       -45.23E-3
900.1E-9       -45.23E-3
900.1E-9       -45.23E-3
900.1E-9       -45.23E-3
900.1E-9       -45.23E-3
900.1E-9       -45.23E-3
900.1E-9       -45.23E-3
900.1E-9       -45.23E-3
900.1E-9       -45.23E-3
900.1E-9       -45.23E-3
900.1E-9       -45.23E-3
900.1E-9       -45.23E-3
900.1E-9       -45.23E-3
900.1E-9       -45.23E-3
900.1E-9       -45.23E-3
900.1E-9       -45.23E-3
900.1E-9       -45.23E-3
900.1E-9       -45.23E-3
900.1E-9       -45.23E-3
900.1E-9       -45.23E-3
900.1E-9       -45.23E-3
900.1E-9       -45.23E-3
900.1E-9       -45.23E-3
900.1E-9       -45.23E-3
900.1E-9       -45.23E-3
900.1E-9       -45.23E-3
900.1E-9       -45.23E-3
900.1E-9       -45.23E-3
900.1E-9       -45.23E-3
900.1E-9       -45.23E-3
900.1E-9       -45.23E-3
900.1E-9       -45.23E-3
900.1E-9       -45.23E-3
900.1E-9       -45.23E-3
900.1E-9       -45.23E-3
900.1E-9       -45.23E-3
900.1E-9       -45.23E-3
900.1E-9       -45.23E-3
900.1E-9       -45.23E-3
900.1E-9       -45.23E-3
900.1E-9       -45.23E-3
900.1E-9       -45.23E-3
900.1E-9       -45.23E-3
900.1E-9       -45.23E-3
900.1E-9       -45.23E-3
900.1E-9       -45.23E-3
900.1E-9       -45.23E-3
900.1E-9       -45.23E-3
900.1E-9       -45.23E-3
900.1E-9       -45.23E-3
900.1E-9       -45.23E-3
900.2E-9       -45.23E-3
900.2E-9       -45.23E-3
900.2E-9       -45.23E-3
900.2E-9       -45.23E-3
900.2E-9       -45.23E-3
900.2E-9       -45.23E-3
900.2E-9       -45.23E-3
900.2E-9       -45.23E-3
900.2E-9       -45.23E-3
900.2E-9       -45.23E-3
900.2E-9       -45.23E-3
900.2E-9       -45.23E-3
900.2E-9       -45.23E-3
900.2E-9       -45.23E-3
900.2E-9       -45.23E-3
900.2E-9       -45.23E-3
900.2E-9       -45.23E-3
900.2E-9       -45.23E-3
900.2E-9       -45.23E-3
900.2E-9       -45.23E-3
900.2E-9       -45.23E-3
900.2E-9       -45.23E-3
900.2E-9       -45.23E-3
900.2E-9       -45.23E-3
900.2E-9       -45.23E-3
900.2E-9       -45.23E-3
900.2E-9       -45.23E-3
900.2E-9       -45.23E-3
900.2E-9       -45.23E-3
900.2E-9       -45.23E-3
900.2E-9       -45.23E-3
900.2E-9       -45.23E-3
900.2E-9       -45.23E-3
900.2E-9       -45.23E-3
900.2E-9       -45.23E-3
900.2E-9       -45.23E-3
900.2E-9       -45.23E-3
900.2E-9       -45.23E-3
900.2E-9       -45.23E-3
900.2E-9       -45.23E-3
900.2E-9       -45.23E-3
900.2E-9       -45.23E-3
900.2E-9       -45.23E-3
900.2E-9       -45.23E-3
900.2E-9       -45.23E-3
900.2E-9       -45.23E-3
900.2E-9       -45.23E-3
900.2E-9       -45.23E-3
900.2E-9       -45.23E-3
900.2E-9       -45.23E-3
900.2E-9       -45.23E-3
900.3E-9       -45.23E-3
900.3E-9       -45.23E-3
900.3E-9       -45.23E-3
900.3E-9       -45.23E-3
900.3E-9       -45.23E-3
900.3E-9       -45.23E-3
900.4E-9       -45.23E-3
900.4E-9       -45.23E-3
900.4E-9       -45.23E-3
900.5E-9       -45.24E-3
900.6E-9       -45.24E-3
900.7E-9       -45.24E-3
900.8E-9       -45.25E-3
900.9E-9       -45.25E-3
901.0E-9       -45.25E-3
901.2E-9       -45.26E-3
901.4E-9       -45.26E-3
901.6E-9       -45.25E-3
901.9E-9       -45.24E-3
902.3E-9       -45.22E-3
902.8E-9       -45.14E-3
903.5E-9       -44.97E-3
904.2E-9       -44.57E-3
905.1E-9       -43.72E-3
905.6E-9       -43.11E-3
906.0E-9       -42.33E-3
906.2E-9       -41.88E-3
906.5E-9       -41.11E-3
906.8E-9       -40.50E-3
907.0E-9       -39.83E-3
907.5E-9       -38.17E-3
907.8E-9       -36.76E-3
908.2E-9       -35.02E-3
908.8E-9       -32.34E-3
909.3E-9       -28.98E-3
910.0E-9       -24.73E-3
910.8E-9       -19.19E-3
911.8E-9       -11.48E-3
912.9E-9       -1.753E-3
914.2E-9       8.816E-3
915.2E-9       17.61E-3
916.2E-9       25.61E-3
917.2E-9       33.14E-3
918.3E-9       40.25E-3
919.4E-9       46.99E-3
920.5E-9       53.25E-3
921.7E-9       58.85E-3
923.0E-9       63.59E-3
924.4E-9       67.24E-3
925.9E-9       69.55E-3
927.5E-9       70.22E-3
929.3E-9       68.99E-3
931.1E-9       65.56E-3
933.2E-9       59.78E-3
935.3E-9       51.61E-3
937.6E-9       41.23E-3
940.0E-9       28.87E-3
942.8E-9       14.60E-3
946.0E-9       -2.215E-3
949.5E-9       -18.47E-3
952.7E-9       -31.62E-3
955.4E-9       -40.42E-3
957.8E-9       -46.80E-3
960.1E-9       -51.48E-3
962.4E-9       -54.81E-3
964.8E-9       -57.00E-3
967.4E-9       -58.13E-3
970.2E-9       -58.19E-3
973.4E-9       -57.17E-3
977.5E-9       -54.93E-3
982.7E-9       -51.67E-3
987.7E-9       -48.89E-3
992.0E-9       -47.12E-3
996.1E-9       -46.04E-3
1.000E-6       -45.56E-3
1.005E-6       -45.57E-3
1.010E-6       -46.00E-3
1.018E-6       -46.77E-3
1.028E-6       -47.55E-3
1.036E-6       -47.78E-3
1.044E-6       -47.72E-3
1.054E-6       -47.50E-3
1.067E-6       -47.24E-3
1.085E-6       -47.13E-3
1.101E-6       -47.16E-3
1.121E-6       -47.19E-3
1.141E-6       -47.16E-3
1.161E-6       -47.11E-3
1.181E-6       -47.07E-3
1.201E-6       -47.04E-3
1.221E-6       -47.01E-3
1.241E-6       -46.98E-3
1.261E-6       -46.95E-3
1.281E-6       -46.92E-3
1.301E-6       -46.89E-3
1.321E-6       -46.86E-3
1.341E-6       -46.83E-3
1.361E-6       -46.80E-3
