858.7E-9       -47.44E-3
878.7E-9       -47.44E-3
889.4E-9       -47.44E-3
900.0E-9       -47.44E-3
900.0E-9       -47.44E-3
900.0E-9       -47.44E-3
900.0E-9       -47.44E-3
900.0E-9       -47.44E-3
900.0E-9       -47.44E-3
900.0E-9       -47.44E-3
900.0E-9       -47.44E-3
900.0E-9       -47.44E-3
900.0E-9       -47.44E-3
900.0E-9       -47.44E-3
900.0E-9       -47.44E-3
900.0E-9       -47.44E-3
900.0E-9       -47.44E-3
900.0E-9       -47.44E-3
900.0E-9       -47.44E-3
900.0E-9       -47.44E-3
900.0E-9       -47.44E-3
900.0E-9       -47.44E-3
900.0E-9       -47.44E-3
900.0E-9       -47.44E-3
900.0E-9       -47.44E-3
900.0E-9       -47.44E-3
900.0E-9       -47.44E-3
900.0E-9       -47.44E-3
900.0E-9       -47.44E-3
900.0E-9       -47.44E-3
900.0E-9       -47.44E-3
900.0E-9       -47.44E-3
900.0E-9       -47.44E-3
900.0E-9       -47.44E-3
900.0E-9       -47.44E-3
900.0E-9       -47.44E-3
900.0E-9       -47.44E-3
900.0E-9       -47.44E-3
900.0E-9       -47.44E-3
900.0E-9       -47.44E-3
900.0E-9       -47.44E-3
900.0E-9       -47.44E-3
900.0E-9       -47.44E-3
900.1E-9       -47.44E-3
900.1E-9       -47.44E-3
900.1E-9       -47.44E-3
900.1E-9       -47.44E-3
900.1E-9       -47.44E-3
900.1E-9       -47.44E-3
900.1E-9       -47.44E-3
900.1E-9       -47.44E-3
900.1E-9       -47.44E-3
900.1E-9       -47.44E-3
900.1E-9       -47.44E-3
900.1E-9       -47.44E-3
900.1E-9       -47.44E-3
900.1E-9       -47.44E-3
900.1E-9       -47.44E-3
900.1E-9       -47.44E-3
900.1E-9       -47.44E-3
900.1E-9       -47.44E-3
900.1E-9       -47.44E-3
900.1E-9       -47.44E-3
900.1E-9       -47.44E-3
900.1E-9       -47.44E-3
900.1E-9       -47.44E-3
900.1E-9       -47.44E-3
900.1E-9       -47.44E-3
900.1E-9       -47.44E-3
900.1E-9       -47.44E-3
900.1E-9       -47.44E-3
900.1E-9       -47.44E-3
900.1E-9       -47.44E-3
900.1E-9       -47.44E-3
900.1E-9       -47.44E-3
900.1E-9       -47.44E-3
900.1E-9       -47.44E-3
900.1E-9       -47.44E-3
900.1E-9       -47.44E-3
900.1E-9       -47.44E-3
900.1E-9       -47.44E-3
900.1E-9       -47.44E-3
900.1E-9       -47.44E-3
900.1E-9       -47.44E-3
900.1E-9       -47.44E-3
900.1E-9       -47.44E-3
900.1E-9       -47.44E-3
900.1E-9       -47.44E-3
900.1E-9       -47.44E-3
900.1E-9       -47.44E-3
900.1E-9       -47.44E-3
900.1E-9       -47.44E-3
900.1E-9       -47.44E-3
900.1E-9       -47.44E-3
900.1E-9       -47.44E-3
900.1E-9       -47.44E-3
900.1E-9       -47.44E-3
900.1E-9       -47.44E-3
900.1E-9       -47.44E-3
900.1E-9       -47.44E-3
900.1E-9       -47.44E-3
900.1E-9       -47.44E-3
900.1E-9       -47.44E-3
900.1E-9       -47.44E-3
900.1E-9       -47.44E-3
900.1E-9       -47.44E-3
900.1E-9       -47.44E-3
900.1E-9       -47.44E-3
900.1E-9       -47.44E-3
900.1E-9       -47.44E-3
900.1E-9       -47.44E-3
900.1E-9       -47.44E-3
900.1E-9       -47.44E-3
900.1E-9       -47.44E-3
900.1E-9       -47.44E-3
900.1E-9       -47.44E-3
900.1E-9       -47.44E-3
900.1E-9       -47.44E-3
900.1E-9       -47.44E-3
900.1E-9       -47.44E-3
900.1E-9       -47.44E-3
900.1E-9       -47.44E-3
900.1E-9       -47.44E-3
900.1E-9       -47.44E-3
900.1E-9       -47.44E-3
900.1E-9       -47.44E-3
900.1E-9       -47.44E-3
900.1E-9       -47.44E-3
900.1E-9       -47.44E-3
900.1E-9       -47.44E-3
900.1E-9       -47.44E-3
900.1E-9       -47.44E-3
900.1E-9       -47.44E-3
900.1E-9       -47.44E-3
900.1E-9       -47.44E-3
900.1E-9       -47.44E-3
900.1E-9       -47.44E-3
900.1E-9       -47.44E-3
900.1E-9       -47.44E-3
900.1E-9       -47.44E-3
900.1E-9       -47.44E-3
900.1E-9       -47.44E-3
900.1E-9       -47.44E-3
900.1E-9       -47.44E-3
900.1E-9       -47.44E-3
900.1E-9       -47.44E-3
900.1E-9       -47.44E-3
900.1E-9       -47.44E-3
900.1E-9       -47.44E-3
900.1E-9       -47.44E-3
900.1E-9       -47.44E-3
900.1E-9       -47.44E-3
900.1E-9       -47.44E-3
900.1E-9       -47.44E-3
900.1E-9       -47.44E-3
900.1E-9       -47.44E-3
900.1E-9       -47.44E-3
900.1E-9       -47.44E-3
900.1E-9       -47.44E-3
900.1E-9       -47.44E-3
900.1E-9       -47.44E-3
900.1E-9       -47.44E-3
900.1E-9       -47.44E-3
900.1E-9       -47.44E-3
900.1E-9       -47.44E-3
900.1E-9       -47.44E-3
900.1E-9       -47.44E-3
900.1E-9       -47.44E-3
900.1E-9       -47.44E-3
900.1E-9       -47.44E-3
900.1E-9       -47.44E-3
900.1E-9       -47.44E-3
900.1E-9       -47.44E-3
900.1E-9       -47.44E-3
900.1E-9       -47.44E-3
900.1E-9       -47.44E-3
900.1E-9       -47.44E-3
900.1E-9       -47.44E-3
900.1E-9       -47.44E-3
900.1E-9       -47.44E-3
900.1E-9       -47.44E-3
900.1E-9       -47.44E-3
900.1E-9       -47.44E-3
900.1E-9       -47.44E-3
900.1E-9       -47.44E-3
900.1E-9       -47.44E-3
900.1E-9       -47.44E-3
900.1E-9       -47.44E-3
900.1E-9       -47.44E-3
900.1E-9       -47.44E-3
900.1E-9       -47.44E-3
900.1E-9       -47.44E-3
900.1E-9       -47.44E-3
900.1E-9       -47.44E-3
900.1E-9       -47.44E-3
900.1E-9       -47.44E-3
900.1E-9       -47.44E-3
900.1E-9       -47.44E-3
900.1E-9       -47.44E-3
900.1E-9       -47.44E-3
900.1E-9       -47.44E-3
900.1E-9       -47.44E-3
900.1E-9       -47.44E-3
900.1E-9       -47.44E-3
900.1E-9       -47.44E-3
900.1E-9       -47.44E-3
900.1E-9       -47.44E-3
900.1E-9       -47.44E-3
900.1E-9       -47.44E-3
900.1E-9       -47.44E-3
900.1E-9       -47.44E-3
900.1E-9       -47.44E-3
900.1E-9       -47.44E-3
900.1E-9       -47.44E-3
900.1E-9       -47.44E-3
900.2E-9       -47.44E-3
900.2E-9       -47.44E-3
900.2E-9       -47.44E-3
900.2E-9       -47.44E-3
900.2E-9       -47.44E-3
900.2E-9       -47.44E-3
900.2E-9       -47.44E-3
900.2E-9       -47.44E-3
900.2E-9       -47.44E-3
900.2E-9       -47.44E-3
900.2E-9       -47.44E-3
900.2E-9       -47.44E-3
900.2E-9       -47.44E-3
900.2E-9       -47.44E-3
900.2E-9       -47.44E-3
900.2E-9       -47.44E-3
900.2E-9       -47.44E-3
900.2E-9       -47.44E-3
900.2E-9       -47.44E-3
900.2E-9       -47.44E-3
900.2E-9       -47.44E-3
900.2E-9       -47.44E-3
900.2E-9       -47.44E-3
900.2E-9       -47.44E-3
900.3E-9       -47.44E-3
900.3E-9       -47.44E-3
900.3E-9       -47.44E-3
900.4E-9       -47.44E-3
900.4E-9       -47.44E-3
900.5E-9       -47.44E-3
900.6E-9       -47.44E-3
900.7E-9       -47.44E-3
900.8E-9       -47.44E-3
900.9E-9       -47.44E-3
901.0E-9       -47.44E-3
901.1E-9       -47.44E-3
901.2E-9       -47.44E-3
901.4E-9       -47.43E-3
901.6E-9       -47.42E-3
901.9E-9       -47.36E-3
902.3E-9       -47.19E-3
902.8E-9       -46.66E-3
903.3E-9       -45.74E-3
903.7E-9       -44.51E-3
904.0E-9       -42.85E-3
904.4E-9       -40.61E-3
904.8E-9       -37.60E-3
905.3E-9       -33.56E-3
905.6E-9       -29.36E-3
906.0E-9       -24.48E-3
906.5E-9       -16.04E-3
906.8E-9       -11.69E-3
907.0E-9       -7.113E-3
907.2E-9       -3.672E-3
907.4E-9       1.162E-3
907.8E-9       8.307E-3
908.1E-9       16.08E-3
908.6E-9       27.38E-3
909.3E-9       41.33E-3
909.9E-9       54.97E-3
910.5E-9       66.43E-3
911.0E-9       77.08E-3
911.6E-9       87.43E-3
912.2E-9       97.74E-3
912.8E-9       108.2E-3
913.6E-9       118.9E-3
914.4E-9       129.9E-3
915.4E-9       141.2E-3
916.6E-9       152.8E-3
918.0E-9       165.0E-3
919.9E-9       177.4E-3
922.1E-9       188.7E-3
924.0E-9       196.5E-3
926.7E-9       204.7E-3
929.4E-9       210.5E-3
932.4E-9       215.0E-3
936.1E-9       218.6E-3
940.4E-9       220.7E-3
945.3E-9       221.2E-3
950.7E-9       220.2E-3
956.8E-9       217.6E-3
963.6E-9       213.5E-3
971.4E-9       207.7E-3
980.1E-9       200.3E-3
990.2E-9       191.0E-3
1.002E-6       179.5E-3
1.016E-6       165.5E-3
1.032E-6       148.0E-3
1.052E-6       127.0E-3
1.072E-6       106.3E-3
1.092E-6       86.26E-3
1.112E-6       67.22E-3
1.132E-6       49.56E-3
1.152E-6       33.54E-3
1.172E-6       19.32E-3
1.192E-6       6.965E-3
1.212E-6       -3.586E-3
1.232E-6       -12.45E-3
1.252E-6       -19.79E-3
1.272E-6       -25.80E-3
1.292E-6       -30.69E-3
1.312E-6       -34.63E-3
1.332E-6       -37.80E-3
1.352E-6       -40.34E-3
1.372E-6       -42.37E-3
