862.6E-9       -44.38E-3
882.6E-9       -44.49E-3
900.0E-9       -44.58E-3
900.0E-9       -44.58E-3
900.0E-9       -44.58E-3
900.0E-9       -44.58E-3
900.0E-9       -44.58E-3
900.0E-9       -44.58E-3
900.0E-9       -44.58E-3
900.0E-9       -44.58E-3
900.0E-9       -44.58E-3
900.0E-9       -44.58E-3
900.0E-9       -44.58E-3
900.0E-9       -44.58E-3
900.0E-9       -44.58E-3
900.0E-9       -44.58E-3
900.0E-9       -44.58E-3
900.0E-9       -44.58E-3
900.0E-9       -44.58E-3
900.0E-9       -44.58E-3
900.0E-9       -44.58E-3
900.0E-9       -44.58E-3
900.0E-9       -44.58E-3
900.0E-9       -44.58E-3
900.0E-9       -44.58E-3
900.0E-9       -44.58E-3
900.0E-9       -44.58E-3
900.0E-9       -44.58E-3
900.0E-9       -44.58E-3
900.0E-9       -44.58E-3
900.0E-9       -44.58E-3
900.0E-9       -44.58E-3
900.0E-9       -44.58E-3
900.0E-9       -44.58E-3
900.1E-9       -44.58E-3
900.1E-9       -44.58E-3
900.1E-9       -44.58E-3
900.1E-9       -44.58E-3
900.1E-9       -44.58E-3
900.1E-9       -44.58E-3
900.1E-9       -44.58E-3
900.1E-9       -44.58E-3
900.1E-9       -44.58E-3
900.1E-9       -44.58E-3
900.1E-9       -44.58E-3
900.1E-9       -44.58E-3
900.1E-9       -44.58E-3
900.1E-9       -44.58E-3
900.1E-9       -44.58E-3
900.1E-9       -44.58E-3
900.1E-9       -44.58E-3
900.1E-9       -44.58E-3
900.1E-9       -44.58E-3
900.1E-9       -44.58E-3
900.1E-9       -44.58E-3
900.1E-9       -44.58E-3
900.1E-9       -44.58E-3
900.1E-9       -44.58E-3
900.1E-9       -44.58E-3
900.1E-9       -44.58E-3
900.1E-9       -44.58E-3
900.1E-9       -44.58E-3
900.1E-9       -44.58E-3
900.1E-9       -44.58E-3
900.1E-9       -44.58E-3
900.1E-9       -44.58E-3
900.1E-9       -44.58E-3
900.1E-9       -44.58E-3
900.1E-9       -44.58E-3
900.1E-9       -44.58E-3
900.1E-9       -44.58E-3
900.1E-9       -44.58E-3
900.1E-9       -44.58E-3
900.1E-9       -44.58E-3
900.1E-9       -44.58E-3
900.1E-9       -44.58E-3
900.1E-9       -44.58E-3
900.1E-9       -44.58E-3
900.1E-9       -44.58E-3
900.1E-9       -44.58E-3
900.1E-9       -44.58E-3
900.1E-9       -44.58E-3
900.1E-9       -44.58E-3
900.1E-9       -44.58E-3
900.1E-9       -44.58E-3
900.1E-9       -44.58E-3
900.1E-9       -44.58E-3
900.1E-9       -44.58E-3
900.1E-9       -44.58E-3
900.1E-9       -44.58E-3
900.1E-9       -44.58E-3
900.1E-9       -44.58E-3
900.1E-9       -44.58E-3
900.1E-9       -44.58E-3
900.1E-9       -44.58E-3
900.1E-9       -44.58E-3
900.1E-9       -44.58E-3
900.1E-9       -44.58E-3
900.1E-9       -44.58E-3
900.1E-9       -44.58E-3
900.1E-9       -44.58E-3
900.1E-9       -44.58E-3
900.1E-9       -44.58E-3
900.1E-9       -44.58E-3
900.1E-9       -44.58E-3
900.1E-9       -44.58E-3
900.1E-9       -44.58E-3
900.1E-9       -44.58E-3
900.1E-9       -44.58E-3
900.1E-9       -44.58E-3
900.1E-9       -44.58E-3
900.1E-9       -44.58E-3
900.1E-9       -44.58E-3
900.1E-9       -44.58E-3
900.1E-9       -44.58E-3
900.1E-9       -44.58E-3
900.1E-9       -44.58E-3
900.1E-9       -44.58E-3
900.1E-9       -44.58E-3
900.1E-9       -44.58E-3
900.1E-9       -44.58E-3
900.1E-9       -44.58E-3
900.1E-9       -44.58E-3
900.1E-9       -44.58E-3
900.1E-9       -44.58E-3
900.1E-9       -44.58E-3
900.1E-9       -44.58E-3
900.1E-9       -44.58E-3
900.1E-9       -44.58E-3
900.1E-9       -44.58E-3
900.1E-9       -44.58E-3
900.1E-9       -44.58E-3
900.1E-9       -44.58E-3
900.1E-9       -44.58E-3
900.1E-9       -44.58E-3
900.1E-9       -44.58E-3
900.1E-9       -44.58E-3
900.1E-9       -44.58E-3
900.1E-9       -44.58E-3
900.1E-9       -44.58E-3
900.1E-9       -44.58E-3
900.1E-9       -44.58E-3
900.1E-9       -44.58E-3
900.1E-9       -44.58E-3
900.1E-9       -44.58E-3
900.1E-9       -44.58E-3
900.1E-9       -44.58E-3
900.1E-9       -44.58E-3
900.1E-9       -44.58E-3
900.1E-9       -44.58E-3
900.1E-9       -44.58E-3
900.1E-9       -44.58E-3
900.1E-9       -44.58E-3
900.1E-9       -44.58E-3
900.1E-9       -44.58E-3
900.1E-9       -44.58E-3
900.1E-9       -44.58E-3
900.1E-9       -44.58E-3
900.1E-9       -44.58E-3
900.1E-9       -44.58E-3
900.1E-9       -44.58E-3
900.1E-9       -44.58E-3
900.1E-9       -44.58E-3
900.1E-9       -44.58E-3
900.1E-9       -44.58E-3
900.2E-9       -44.58E-3
900.2E-9       -44.58E-3
900.2E-9       -44.58E-3
900.2E-9       -44.58E-3
900.2E-9       -44.58E-3
900.2E-9       -44.58E-3
900.2E-9       -44.58E-3
900.2E-9       -44.58E-3
900.2E-9       -44.58E-3
900.2E-9       -44.58E-3
900.2E-9       -44.58E-3
900.2E-9       -44.58E-3
900.2E-9       -44.58E-3
900.2E-9       -44.58E-3
900.2E-9       -44.58E-3
900.2E-9       -44.58E-3
900.2E-9       -44.58E-3
900.2E-9       -44.58E-3
900.2E-9       -44.58E-3
900.2E-9       -44.58E-3
900.2E-9       -44.58E-3
900.2E-9       -44.58E-3
900.2E-9       -44.58E-3
900.2E-9       -44.58E-3
900.2E-9       -44.58E-3
900.2E-9       -44.58E-3
900.2E-9       -44.58E-3
900.2E-9       -44.58E-3
900.2E-9       -44.58E-3
900.2E-9       -44.58E-3
900.2E-9       -44.58E-3
900.2E-9       -44.58E-3
900.2E-9       -44.58E-3
900.2E-9       -44.58E-3
900.2E-9       -44.58E-3
900.2E-9       -44.58E-3
900.2E-9       -44.58E-3
900.2E-9       -44.58E-3
900.2E-9       -44.58E-3
900.2E-9       -44.58E-3
900.2E-9       -44.58E-3
900.2E-9       -44.58E-3
900.2E-9       -44.58E-3
900.2E-9       -44.58E-3
900.2E-9       -44.58E-3
900.2E-9       -44.58E-3
900.2E-9       -44.58E-3
900.2E-9       -44.58E-3
900.2E-9       -44.58E-3
900.2E-9       -44.58E-3
900.2E-9       -44.58E-3
900.3E-9       -44.58E-3
900.3E-9       -44.58E-3
900.3E-9       -44.58E-3
900.3E-9       -44.58E-3
900.3E-9       -44.58E-3
900.3E-9       -44.58E-3
900.4E-9       -44.58E-3
900.4E-9       -44.58E-3
900.4E-9       -44.58E-3
900.5E-9       -44.59E-3
900.6E-9       -44.59E-3
900.7E-9       -44.60E-3
900.8E-9       -44.60E-3
900.9E-9       -44.61E-3
901.0E-9       -44.61E-3
901.2E-9       -44.61E-3
901.4E-9       -44.61E-3
901.6E-9       -44.61E-3
901.9E-9       -44.60E-3
902.3E-9       -44.57E-3
902.8E-9       -44.50E-3
903.5E-9       -44.33E-3
904.2E-9       -43.92E-3
905.1E-9       -43.03E-3
905.6E-9       -42.41E-3
906.0E-9       -41.63E-3
906.2E-9       -41.19E-3
906.5E-9       -40.42E-3
906.8E-9       -39.79E-3
907.0E-9       -39.09E-3
907.5E-9       -37.34E-3
907.8E-9       -35.82E-3
908.3E-9       -33.98E-3
908.8E-9       -31.02E-3
909.5E-9       -27.31E-3
910.2E-9       -22.52E-3
911.0E-9       -16.01E-3
912.2E-9       -5.935E-3
913.7E-9       6.729E-3
914.8E-9       17.01E-3
915.9E-9       26.44E-3
916.9E-9       35.65E-3
918.0E-9       44.76E-3
919.2E-9       54.00E-3
920.5E-9       63.38E-3
922.0E-9       72.85E-3
923.6E-9       82.32E-3
925.4E-9       91.73E-3
927.5E-9       101.0E-3
929.9E-9       110.1E-3
933.0E-9       118.9E-3
937.0E-9       127.5E-3
941.5E-9       134.0E-3
946.4E-9       138.3E-3
952.0E-9       140.8E-3
958.4E-9       141.6E-3
965.9E-9       140.7E-3
974.6E-9       138.1E-3
984.6E-9       133.9E-3
996.0E-9       128.2E-3
1.009E-6       120.8E-3
1.026E-6       111.4E-3
1.046E-6       99.69E-3
1.066E-6       87.98E-3
1.086E-6       76.43E-3
1.106E-6       65.19E-3
1.126E-6       54.34E-3
1.146E-6       43.99E-3
1.166E-6       34.22E-3
1.186E-6       25.10E-3
1.206E-6       16.67E-3
1.226E-6       8.957E-3
1.246E-6       1.968E-3
1.266E-6       -4.310E-3
1.286E-6       -9.907E-3
1.306E-6       -14.86E-3
1.326E-6       -19.23E-3
1.346E-6       -23.05E-3
1.366E-6       -26.40E-3
