867.9E-9       -45.28E-3
884.0E-9       -45.28E-3
900.0E-9       -45.28E-3
900.0E-9       -45.28E-3
900.0E-9       -45.28E-3
900.0E-9       -45.28E-3
900.0E-9       -45.28E-3
900.0E-9       -45.28E-3
900.0E-9       -45.28E-3
900.0E-9       -45.28E-3
900.0E-9       -45.28E-3
900.0E-9       -45.28E-3
900.0E-9       -45.28E-3
900.0E-9       -45.28E-3
900.0E-9       -45.28E-3
900.0E-9       -45.28E-3
900.0E-9       -45.28E-3
900.0E-9       -45.28E-3
900.0E-9       -45.28E-3
900.0E-9       -45.28E-3
900.0E-9       -45.28E-3
900.0E-9       -45.28E-3
900.0E-9       -45.28E-3
900.0E-9       -45.28E-3
900.0E-9       -45.28E-3
900.0E-9       -45.28E-3
900.0E-9       -45.28E-3
900.0E-9       -45.28E-3
900.0E-9       -45.28E-3
900.0E-9       -45.28E-3
900.0E-9       -45.28E-3
900.0E-9       -45.28E-3
900.0E-9       -45.28E-3
900.0E-9       -45.28E-3
900.1E-9       -45.28E-3
900.1E-9       -45.28E-3
900.1E-9       -45.28E-3
900.1E-9       -45.28E-3
900.1E-9       -45.28E-3
900.1E-9       -45.28E-3
900.1E-9       -45.28E-3
900.1E-9       -45.28E-3
900.1E-9       -45.28E-3
900.1E-9       -45.28E-3
900.1E-9       -45.28E-3
900.1E-9       -45.28E-3
900.1E-9       -45.28E-3
900.1E-9       -45.28E-3
900.1E-9       -45.28E-3
900.1E-9       -45.28E-3
900.1E-9       -45.28E-3
900.1E-9       -45.28E-3
900.1E-9       -45.28E-3
900.1E-9       -45.28E-3
900.1E-9       -45.28E-3
900.1E-9       -45.28E-3
900.1E-9       -45.28E-3
900.1E-9       -45.28E-3
900.1E-9       -45.28E-3
900.1E-9       -45.28E-3
900.1E-9       -45.28E-3
900.1E-9       -45.28E-3
900.1E-9       -45.28E-3
900.1E-9       -45.28E-3
900.1E-9       -45.28E-3
900.1E-9       -45.28E-3
900.1E-9       -45.28E-3
900.1E-9       -45.28E-3
900.1E-9       -45.28E-3
900.1E-9       -45.28E-3
900.1E-9       -45.28E-3
900.1E-9       -45.28E-3
900.1E-9       -45.28E-3
900.1E-9       -45.28E-3
900.1E-9       -45.28E-3
900.1E-9       -45.28E-3
900.1E-9       -45.28E-3
900.1E-9       -45.28E-3
900.1E-9       -45.28E-3
900.1E-9       -45.28E-3
900.1E-9       -45.28E-3
900.1E-9       -45.28E-3
900.1E-9       -45.28E-3
900.1E-9       -45.28E-3
900.1E-9       -45.28E-3
900.1E-9       -45.28E-3
900.1E-9       -45.28E-3
900.1E-9       -45.28E-3
900.1E-9       -45.28E-3
900.1E-9       -45.28E-3
900.1E-9       -45.28E-3
900.1E-9       -45.28E-3
900.1E-9       -45.28E-3
900.1E-9       -45.28E-3
900.1E-9       -45.28E-3
900.1E-9       -45.28E-3
900.1E-9       -45.28E-3
900.1E-9       -45.28E-3
900.1E-9       -45.28E-3
900.1E-9       -45.28E-3
900.1E-9       -45.28E-3
900.1E-9       -45.28E-3
900.1E-9       -45.28E-3
900.1E-9       -45.28E-3
900.1E-9       -45.28E-3
900.1E-9       -45.28E-3
900.1E-9       -45.28E-3
900.1E-9       -45.28E-3
900.1E-9       -45.28E-3
900.1E-9       -45.28E-3
900.1E-9       -45.28E-3
900.1E-9       -45.28E-3
900.1E-9       -45.28E-3
900.1E-9       -45.28E-3
900.1E-9       -45.28E-3
900.1E-9       -45.28E-3
900.1E-9       -45.28E-3
900.1E-9       -45.28E-3
900.1E-9       -45.28E-3
900.1E-9       -45.28E-3
900.1E-9       -45.28E-3
900.1E-9       -45.28E-3
900.1E-9       -45.28E-3
900.1E-9       -45.28E-3
900.1E-9       -45.28E-3
900.1E-9       -45.28E-3
900.1E-9       -45.28E-3
900.1E-9       -45.28E-3
900.1E-9       -45.28E-3
900.1E-9       -45.28E-3
900.1E-9       -45.28E-3
900.1E-9       -45.28E-3
900.1E-9       -45.28E-3
900.1E-9       -45.28E-3
900.1E-9       -45.28E-3
900.1E-9       -45.28E-3
900.1E-9       -45.28E-3
900.1E-9       -45.28E-3
900.1E-9       -45.28E-3
900.1E-9       -45.28E-3
900.1E-9       -45.28E-3
900.1E-9       -45.28E-3
900.1E-9       -45.28E-3
900.1E-9       -45.28E-3
900.1E-9       -45.28E-3
900.1E-9       -45.28E-3
900.1E-9       -45.28E-3
900.1E-9       -45.28E-3
900.1E-9       -45.28E-3
900.1E-9       -45.28E-3
900.1E-9       -45.28E-3
900.1E-9       -45.28E-3
900.1E-9       -45.28E-3
900.1E-9       -45.28E-3
900.1E-9       -45.28E-3
900.1E-9       -45.28E-3
900.1E-9       -45.28E-3
900.1E-9       -45.28E-3
900.1E-9       -45.28E-3
900.1E-9       -45.28E-3
900.1E-9       -45.28E-3
900.1E-9       -45.28E-3
900.1E-9       -45.28E-3
900.1E-9       -45.28E-3
900.1E-9       -45.28E-3
900.2E-9       -45.28E-3
900.2E-9       -45.28E-3
900.2E-9       -45.28E-3
900.2E-9       -45.28E-3
900.2E-9       -45.28E-3
900.2E-9       -45.28E-3
900.2E-9       -45.28E-3
900.2E-9       -45.28E-3
900.2E-9       -45.28E-3
900.2E-9       -45.28E-3
900.2E-9       -45.28E-3
900.2E-9       -45.28E-3
900.2E-9       -45.28E-3
900.2E-9       -45.28E-3
900.2E-9       -45.28E-3
900.2E-9       -45.28E-3
900.2E-9       -45.28E-3
900.2E-9       -45.28E-3
900.2E-9       -45.28E-3
900.2E-9       -45.28E-3
900.2E-9       -45.28E-3
900.2E-9       -45.28E-3
900.2E-9       -45.28E-3
900.2E-9       -45.28E-3
900.2E-9       -45.28E-3
900.2E-9       -45.28E-3
900.2E-9       -45.28E-3
900.2E-9       -45.28E-3
900.2E-9       -45.28E-3
900.2E-9       -45.28E-3
900.2E-9       -45.28E-3
900.2E-9       -45.28E-3
900.2E-9       -45.28E-3
900.2E-9       -45.28E-3
900.2E-9       -45.28E-3
900.2E-9       -45.28E-3
900.2E-9       -45.28E-3
900.2E-9       -45.28E-3
900.2E-9       -45.28E-3
900.2E-9       -45.28E-3
900.2E-9       -45.28E-3
900.2E-9       -45.28E-3
900.2E-9       -45.28E-3
900.2E-9       -45.28E-3
900.2E-9       -45.28E-3
900.2E-9       -45.28E-3
900.2E-9       -45.28E-3
900.2E-9       -45.28E-3
900.2E-9       -45.28E-3
900.2E-9       -45.28E-3
900.2E-9       -45.28E-3
900.3E-9       -45.28E-3
900.3E-9       -45.28E-3
900.3E-9       -45.28E-3
900.3E-9       -45.28E-3
900.3E-9       -45.28E-3
900.3E-9       -45.28E-3
900.4E-9       -45.28E-3
900.4E-9       -45.28E-3
900.4E-9       -45.28E-3
900.5E-9       -45.29E-3
900.6E-9       -45.29E-3
900.7E-9       -45.29E-3
900.8E-9       -45.30E-3
900.9E-9       -45.30E-3
901.0E-9       -45.31E-3
901.2E-9       -45.31E-3
901.4E-9       -45.31E-3
901.6E-9       -45.31E-3
901.9E-9       -45.30E-3
902.3E-9       -45.27E-3
902.8E-9       -45.19E-3
903.5E-9       -45.02E-3
904.2E-9       -44.62E-3
905.1E-9       -43.75E-3
905.6E-9       -43.13E-3
906.0E-9       -42.35E-3
906.2E-9       -41.90E-3
906.5E-9       -41.14E-3
906.8E-9       -40.52E-3
907.0E-9       -39.84E-3
907.5E-9       -38.13E-3
907.8E-9       -36.67E-3
908.2E-9       -34.88E-3
908.8E-9       -32.06E-3
909.4E-9       -28.54E-3
910.1E-9       -24.03E-3
910.9E-9       -18.03E-3
912.0E-9       -9.242E-3
913.3E-9       1.924E-3
914.5E-9       12.18E-3
915.5E-9       21.24E-3
916.5E-9       29.83E-3
917.6E-9       38.12E-3
918.7E-9       46.23E-3
919.9E-9       54.21E-3
921.1E-9       61.94E-3
922.5E-9       69.30E-3
924.0E-9       76.11E-3
925.7E-9       82.15E-3
927.6E-9       87.15E-3
929.7E-9       90.79E-3
932.2E-9       92.56E-3
935.0E-9       91.78E-3
938.5E-9       87.42E-3
942.5E-9       78.96E-3
947.1E-9       66.15E-3
951.8E-9       50.87E-3
956.6E-9       34.48E-3
961.5E-9       17.74E-3
966.9E-9       1.248E-3
973.0E-9       -14.63E-3
979.1E-9       -27.51E-3
984.4E-9       -35.79E-3
989.3E-9       -41.52E-3
994.2E-9       -45.53E-3
999.3E-9       -48.24E-3
1.005E-6       -49.90E-3
1.011E-6       -50.68E-3
1.019E-6       -50.68E-3
1.029E-6       -50.02E-3
1.040E-6       -49.05E-3
1.054E-6       -48.17E-3
1.069E-6       -47.64E-3
1.086E-6       -47.46E-3
1.105E-6       -47.47E-3
1.125E-6       -47.54E-3
1.145E-6       -47.56E-3
1.165E-6       -47.56E-3
1.185E-6       -47.53E-3
1.205E-6       -47.50E-3
1.225E-6       -47.48E-3
1.245E-6       -47.45E-3
1.265E-6       -47.43E-3
1.285E-6       -47.41E-3
1.305E-6       -47.39E-3
1.325E-6       -47.36E-3
1.345E-6       -47.34E-3
1.365E-6       -47.32E-3
