864.0E-9       -47.37E-3
884.0E-9       -47.37E-3
900.0E-9       -47.37E-3
900.0E-9       -47.37E-3
900.0E-9       -47.37E-3
900.0E-9       -47.37E-3
900.0E-9       -47.37E-3
900.0E-9       -47.37E-3
900.0E-9       -47.37E-3
900.0E-9       -47.37E-3
900.0E-9       -47.37E-3
900.0E-9       -47.37E-3
900.0E-9       -47.37E-3
900.0E-9       -47.37E-3
900.0E-9       -47.37E-3
900.0E-9       -47.37E-3
900.0E-9       -47.37E-3
900.0E-9       -47.37E-3
900.0E-9       -47.37E-3
900.0E-9       -47.37E-3
900.0E-9       -47.37E-3
900.0E-9       -47.37E-3
900.0E-9       -47.37E-3
900.0E-9       -47.37E-3
900.0E-9       -47.37E-3
900.0E-9       -47.37E-3
900.0E-9       -47.37E-3
900.0E-9       -47.37E-3
900.0E-9       -47.37E-3
900.0E-9       -47.37E-3
900.0E-9       -47.37E-3
900.0E-9       -47.37E-3
900.0E-9       -47.37E-3
900.0E-9       -47.37E-3
900.0E-9       -47.37E-3
900.0E-9       -47.37E-3
900.0E-9       -47.37E-3
900.0E-9       -47.37E-3
900.0E-9       -47.37E-3
900.0E-9       -47.37E-3
900.0E-9       -47.37E-3
900.0E-9       -47.37E-3
900.1E-9       -47.37E-3
900.1E-9       -47.37E-3
900.1E-9       -47.37E-3
900.1E-9       -47.37E-3
900.1E-9       -47.37E-3
900.1E-9       -47.37E-3
900.1E-9       -47.37E-3
900.1E-9       -47.37E-3
900.1E-9       -47.37E-3
900.1E-9       -47.37E-3
900.1E-9       -47.37E-3
900.1E-9       -47.37E-3
900.1E-9       -47.37E-3
900.1E-9       -47.37E-3
900.1E-9       -47.37E-3
900.1E-9       -47.37E-3
900.1E-9       -47.37E-3
900.1E-9       -47.37E-3
900.1E-9       -47.37E-3
900.1E-9       -47.37E-3
900.1E-9       -47.37E-3
900.1E-9       -47.37E-3
900.1E-9       -47.37E-3
900.1E-9       -47.37E-3
900.1E-9       -47.37E-3
900.1E-9       -47.37E-3
900.1E-9       -47.37E-3
900.1E-9       -47.37E-3
900.1E-9       -47.37E-3
900.1E-9       -47.37E-3
900.1E-9       -47.37E-3
900.1E-9       -47.37E-3
900.1E-9       -47.37E-3
900.1E-9       -47.37E-3
900.1E-9       -47.37E-3
900.1E-9       -47.37E-3
900.1E-9       -47.37E-3
900.1E-9       -47.37E-3
900.1E-9       -47.37E-3
900.1E-9       -47.37E-3
900.1E-9       -47.37E-3
900.1E-9       -47.37E-3
900.1E-9       -47.37E-3
900.1E-9       -47.37E-3
900.1E-9       -47.37E-3
900.1E-9       -47.37E-3
900.1E-9       -47.37E-3
900.1E-9       -47.37E-3
900.1E-9       -47.37E-3
900.1E-9       -47.37E-3
900.1E-9       -47.37E-3
900.1E-9       -47.37E-3
900.1E-9       -47.37E-3
900.1E-9       -47.37E-3
900.1E-9       -47.37E-3
900.1E-9       -47.37E-3
900.1E-9       -47.37E-3
900.1E-9       -47.37E-3
900.1E-9       -47.37E-3
900.1E-9       -47.37E-3
900.1E-9       -47.37E-3
900.1E-9       -47.37E-3
900.1E-9       -47.37E-3
900.1E-9       -47.37E-3
900.1E-9       -47.37E-3
900.1E-9       -47.37E-3
900.1E-9       -47.37E-3
900.1E-9       -47.37E-3
900.1E-9       -47.37E-3
900.1E-9       -47.37E-3
900.1E-9       -47.37E-3
900.1E-9       -47.37E-3
900.1E-9       -47.37E-3
900.1E-9       -47.37E-3
900.1E-9       -47.37E-3
900.1E-9       -47.37E-3
900.1E-9       -47.37E-3
900.1E-9       -47.37E-3
900.1E-9       -47.37E-3
900.1E-9       -47.37E-3
900.1E-9       -47.37E-3
900.1E-9       -47.37E-3
900.1E-9       -47.37E-3
900.1E-9       -47.37E-3
900.1E-9       -47.37E-3
900.1E-9       -47.37E-3
900.1E-9       -47.37E-3
900.1E-9       -47.37E-3
900.1E-9       -47.37E-3
900.1E-9       -47.37E-3
900.1E-9       -47.37E-3
900.1E-9       -47.37E-3
900.1E-9       -47.37E-3
900.1E-9       -47.37E-3
900.1E-9       -47.37E-3
900.1E-9       -47.37E-3
900.1E-9       -47.37E-3
900.1E-9       -47.37E-3
900.1E-9       -47.37E-3
900.1E-9       -47.37E-3
900.1E-9       -47.37E-3
900.1E-9       -47.37E-3
900.1E-9       -47.37E-3
900.1E-9       -47.37E-3
900.1E-9       -47.37E-3
900.1E-9       -47.37E-3
900.1E-9       -47.37E-3
900.1E-9       -47.37E-3
900.1E-9       -47.37E-3
900.1E-9       -47.37E-3
900.1E-9       -47.37E-3
900.1E-9       -47.37E-3
900.1E-9       -47.37E-3
900.1E-9       -47.37E-3
900.1E-9       -47.37E-3
900.1E-9       -47.37E-3
900.1E-9       -47.37E-3
900.1E-9       -47.37E-3
900.1E-9       -47.37E-3
900.1E-9       -47.37E-3
900.1E-9       -47.37E-3
900.1E-9       -47.37E-3
900.1E-9       -47.37E-3
900.1E-9       -47.37E-3
900.1E-9       -47.37E-3
900.1E-9       -47.37E-3
900.1E-9       -47.37E-3
900.1E-9       -47.37E-3
900.1E-9       -47.37E-3
900.1E-9       -47.37E-3
900.1E-9       -47.37E-3
900.1E-9       -47.37E-3
900.1E-9       -47.37E-3
900.1E-9       -47.37E-3
900.1E-9       -47.37E-3
900.1E-9       -47.37E-3
900.1E-9       -47.37E-3
900.1E-9       -47.37E-3
900.1E-9       -47.37E-3
900.1E-9       -47.37E-3
900.1E-9       -47.37E-3
900.1E-9       -47.37E-3
900.1E-9       -47.37E-3
900.1E-9       -47.37E-3
900.1E-9       -47.37E-3
900.1E-9       -47.37E-3
900.1E-9       -47.37E-3
900.1E-9       -47.37E-3
900.1E-9       -47.37E-3
900.1E-9       -47.37E-3
900.1E-9       -47.37E-3
900.1E-9       -47.37E-3
900.1E-9       -47.37E-3
900.1E-9       -47.37E-3
900.1E-9       -47.37E-3
900.1E-9       -47.37E-3
900.1E-9       -47.37E-3
900.1E-9       -47.37E-3
900.1E-9       -47.37E-3
900.1E-9       -47.37E-3
900.1E-9       -47.37E-3
900.1E-9       -47.37E-3
900.1E-9       -47.37E-3
900.1E-9       -47.37E-3
900.1E-9       -47.37E-3
900.1E-9       -47.37E-3
900.1E-9       -47.37E-3
900.1E-9       -47.37E-3
900.1E-9       -47.37E-3
900.1E-9       -47.37E-3
900.1E-9       -47.37E-3
900.1E-9       -47.37E-3
900.2E-9       -47.37E-3
900.2E-9       -47.37E-3
900.2E-9       -47.37E-3
900.2E-9       -47.37E-3
900.2E-9       -47.37E-3
900.2E-9       -47.37E-3
900.2E-9       -47.37E-3
900.2E-9       -47.37E-3
900.2E-9       -47.37E-3
900.2E-9       -47.37E-3
900.2E-9       -47.37E-3
900.2E-9       -47.37E-3
900.2E-9       -47.37E-3
900.2E-9       -47.37E-3
900.2E-9       -47.37E-3
900.2E-9       -47.37E-3
900.2E-9       -47.37E-3
900.2E-9       -47.37E-3
900.2E-9       -47.37E-3
900.2E-9       -47.37E-3
900.2E-9       -47.37E-3
900.2E-9       -47.37E-3
900.2E-9       -47.37E-3
900.2E-9       -47.37E-3
900.3E-9       -47.37E-3
900.3E-9       -47.37E-3
900.3E-9       -47.37E-3
900.4E-9       -47.37E-3
900.4E-9       -47.37E-3
900.5E-9       -47.37E-3
900.6E-9       -47.37E-3
900.7E-9       -47.37E-3
900.8E-9       -47.37E-3
900.9E-9       -47.37E-3
901.0E-9       -47.37E-3
901.1E-9       -47.37E-3
901.2E-9       -47.37E-3
901.4E-9       -47.36E-3
901.6E-9       -47.34E-3
901.9E-9       -47.29E-3
902.3E-9       -47.12E-3
902.8E-9       -46.60E-3
903.2E-9       -45.72E-3
903.7E-9       -44.52E-3
904.0E-9       -42.92E-3
904.4E-9       -40.78E-3
904.8E-9       -37.90E-3
905.2E-9       -34.06E-3
905.7E-9       -29.05E-3
906.0E-9       -24.84E-3
906.5E-9       -16.91E-3
906.7E-9       -12.49E-3
907.0E-9       -7.829E-3
907.2E-9       -4.597E-3
907.4E-9       25.93E-6
907.7E-9       7.043E-3
908.1E-9       14.42E-3
908.6E-9       25.07E-3
909.2E-9       38.43E-3
909.8E-9       51.77E-3
910.4E-9       62.75E-3
910.9E-9       72.80E-3
911.5E-9       82.43E-3
912.0E-9       91.85E-3
912.7E-9       101.3E-3
913.4E-9       110.6E-3
914.1E-9       119.9E-3
915.0E-9       129.0E-3
916.0E-9       137.7E-3
917.1E-9       145.9E-3
918.6E-9       153.2E-3
920.3E-9       158.5E-3
922.4E-9       160.6E-3
924.2E-9       159.3E-3
926.9E-9       153.0E-3
929.2E-9       144.0E-3
931.6E-9       132.0E-3
934.6E-9       114.8E-3
938.0E-9       92.36E-3
941.4E-9       69.33E-3
944.5E-9       48.26E-3
947.5E-9       29.20E-3
950.4E-9       12.24E-3
953.3E-9       -2.614E-3
956.2E-9       -15.52E-3
959.3E-9       -26.57E-3
962.5E-9       -35.85E-3
965.9E-9       -43.38E-3
969.6E-9       -49.19E-3
973.7E-9       -53.24E-3
978.1E-9       -55.52E-3
982.8E-9       -56.38E-3
988.2E-9       -56.11E-3
994.5E-9       -55.00E-3
1.002E-6       -53.31E-3
1.012E-6       -51.63E-3
1.024E-6       -50.31E-3
1.038E-6       -49.70E-3
1.053E-6       -49.63E-3
1.070E-6       -49.75E-3
1.090E-6       -49.86E-3
1.110E-6       -49.89E-3
1.130E-6       -49.87E-3
1.150E-6       -49.84E-3
1.170E-6       -49.81E-3
1.190E-6       -49.78E-3
1.210E-6       -49.76E-3
1.230E-6       -49.74E-3
1.250E-6       -49.71E-3
1.270E-6       -49.69E-3
1.290E-6       -49.67E-3
1.310E-6       -49.65E-3
1.330E-6       -49.63E-3
1.350E-6       -49.60E-3
1.370E-6       -49.58E-3
