861.4E-9       -47.39E-3
881.4E-9       -47.39E-3
900.0E-9       -47.39E-3
900.0E-9       -47.39E-3
900.0E-9       -47.39E-3
900.0E-9       -47.39E-3
900.0E-9       -47.39E-3
900.0E-9       -47.39E-3
900.0E-9       -47.39E-3
900.0E-9       -47.39E-3
900.0E-9       -47.39E-3
900.0E-9       -47.39E-3
900.0E-9       -47.39E-3
900.0E-9       -47.39E-3
900.0E-9       -47.39E-3
900.0E-9       -47.39E-3
900.0E-9       -47.39E-3
900.0E-9       -47.39E-3
900.0E-9       -47.39E-3
900.0E-9       -47.39E-3
900.0E-9       -47.39E-3
900.0E-9       -47.39E-3
900.0E-9       -47.39E-3
900.0E-9       -47.39E-3
900.0E-9       -47.39E-3
900.0E-9       -47.39E-3
900.0E-9       -47.39E-3
900.0E-9       -47.39E-3
900.0E-9       -47.39E-3
900.0E-9       -47.39E-3
900.0E-9       -47.39E-3
900.0E-9       -47.39E-3
900.0E-9       -47.39E-3
900.0E-9       -47.39E-3
900.0E-9       -47.39E-3
900.0E-9       -47.39E-3
900.0E-9       -47.39E-3
900.0E-9       -47.39E-3
900.0E-9       -47.39E-3
900.0E-9       -47.39E-3
900.0E-9       -47.39E-3
900.0E-9       -47.39E-3
900.1E-9       -47.39E-3
900.1E-9       -47.39E-3
900.1E-9       -47.39E-3
900.1E-9       -47.39E-3
900.1E-9       -47.39E-3
900.1E-9       -47.39E-3
900.1E-9       -47.39E-3
900.1E-9       -47.39E-3
900.1E-9       -47.39E-3
900.1E-9       -47.39E-3
900.1E-9       -47.39E-3
900.1E-9       -47.39E-3
900.1E-9       -47.39E-3
900.1E-9       -47.39E-3
900.1E-9       -47.39E-3
900.1E-9       -47.39E-3
900.1E-9       -47.39E-3
900.1E-9       -47.39E-3
900.1E-9       -47.39E-3
900.1E-9       -47.39E-3
900.1E-9       -47.39E-3
900.1E-9       -47.39E-3
900.1E-9       -47.39E-3
900.1E-9       -47.39E-3
900.1E-9       -47.39E-3
900.1E-9       -47.39E-3
900.1E-9       -47.39E-3
900.1E-9       -47.39E-3
900.1E-9       -47.39E-3
900.1E-9       -47.39E-3
900.1E-9       -47.39E-3
900.1E-9       -47.39E-3
900.1E-9       -47.39E-3
900.1E-9       -47.39E-3
900.1E-9       -47.39E-3
900.1E-9       -47.39E-3
900.1E-9       -47.39E-3
900.1E-9       -47.39E-3
900.1E-9       -47.39E-3
900.1E-9       -47.39E-3
900.1E-9       -47.39E-3
900.1E-9       -47.39E-3
900.1E-9       -47.39E-3
900.1E-9       -47.39E-3
900.1E-9       -47.39E-3
900.1E-9       -47.39E-3
900.1E-9       -47.39E-3
900.1E-9       -47.39E-3
900.1E-9       -47.39E-3
900.1E-9       -47.39E-3
900.1E-9       -47.39E-3
900.1E-9       -47.39E-3
900.1E-9       -47.39E-3
900.1E-9       -47.39E-3
900.1E-9       -47.39E-3
900.1E-9       -47.39E-3
900.1E-9       -47.39E-3
900.1E-9       -47.39E-3
900.1E-9       -47.39E-3
900.1E-9       -47.39E-3
900.1E-9       -47.39E-3
900.1E-9       -47.39E-3
900.1E-9       -47.39E-3
900.1E-9       -47.39E-3
900.1E-9       -47.39E-3
900.1E-9       -47.39E-3
900.1E-9       -47.39E-3
900.1E-9       -47.39E-3
900.1E-9       -47.39E-3
900.1E-9       -47.39E-3
900.1E-9       -47.39E-3
900.1E-9       -47.39E-3
900.1E-9       -47.39E-3
900.1E-9       -47.39E-3
900.1E-9       -47.39E-3
900.1E-9       -47.39E-3
900.1E-9       -47.39E-3
900.1E-9       -47.39E-3
900.1E-9       -47.39E-3
900.1E-9       -47.39E-3
900.1E-9       -47.39E-3
900.1E-9       -47.39E-3
900.1E-9       -47.39E-3
900.1E-9       -47.39E-3
900.1E-9       -47.39E-3
900.1E-9       -47.39E-3
900.1E-9       -47.39E-3
900.1E-9       -47.39E-3
900.1E-9       -47.39E-3
900.1E-9       -47.39E-3
900.1E-9       -47.39E-3
900.1E-9       -47.39E-3
900.1E-9       -47.39E-3
900.1E-9       -47.39E-3
900.1E-9       -47.39E-3
900.1E-9       -47.39E-3
900.1E-9       -47.39E-3
900.1E-9       -47.39E-3
900.1E-9       -47.39E-3
900.1E-9       -47.39E-3
900.1E-9       -47.39E-3
900.1E-9       -47.39E-3
900.1E-9       -47.39E-3
900.1E-9       -47.39E-3
900.1E-9       -47.39E-3
900.1E-9       -47.39E-3
900.1E-9       -47.39E-3
900.1E-9       -47.39E-3
900.1E-9       -47.39E-3
900.1E-9       -47.39E-3
900.1E-9       -47.39E-3
900.1E-9       -47.39E-3
900.1E-9       -47.39E-3
900.1E-9       -47.39E-3
900.1E-9       -47.39E-3
900.1E-9       -47.39E-3
900.1E-9       -47.39E-3
900.1E-9       -47.39E-3
900.1E-9       -47.39E-3
900.1E-9       -47.39E-3
900.1E-9       -47.39E-3
900.1E-9       -47.39E-3
900.1E-9       -47.39E-3
900.1E-9       -47.39E-3
900.1E-9       -47.39E-3
900.1E-9       -47.39E-3
900.1E-9       -47.39E-3
900.1E-9       -47.39E-3
900.1E-9       -47.39E-3
900.1E-9       -47.39E-3
900.1E-9       -47.39E-3
900.1E-9       -47.39E-3
900.1E-9       -47.39E-3
900.1E-9       -47.39E-3
900.1E-9       -47.39E-3
900.1E-9       -47.39E-3
900.1E-9       -47.39E-3
900.1E-9       -47.39E-3
900.1E-9       -47.39E-3
900.1E-9       -47.39E-3
900.1E-9       -47.39E-3
900.1E-9       -47.39E-3
900.1E-9       -47.39E-3
900.1E-9       -47.39E-3
900.1E-9       -47.39E-3
900.1E-9       -47.39E-3
900.1E-9       -47.39E-3
900.1E-9       -47.39E-3
900.1E-9       -47.39E-3
900.1E-9       -47.39E-3
900.1E-9       -47.39E-3
900.1E-9       -47.39E-3
900.1E-9       -47.39E-3
900.1E-9       -47.39E-3
900.1E-9       -47.39E-3
900.1E-9       -47.39E-3
900.1E-9       -47.39E-3
900.1E-9       -47.39E-3
900.1E-9       -47.39E-3
900.1E-9       -47.39E-3
900.1E-9       -47.39E-3
900.1E-9       -47.39E-3
900.1E-9       -47.39E-3
900.1E-9       -47.39E-3
900.1E-9       -47.39E-3
900.1E-9       -47.39E-3
900.1E-9       -47.39E-3
900.1E-9       -47.39E-3
900.1E-9       -47.39E-3
900.1E-9       -47.39E-3
900.1E-9       -47.39E-3
900.1E-9       -47.39E-3
900.2E-9       -47.39E-3
900.2E-9       -47.39E-3
900.2E-9       -47.39E-3
900.2E-9       -47.39E-3
900.2E-9       -47.39E-3
900.2E-9       -47.39E-3
900.2E-9       -47.39E-3
900.2E-9       -47.39E-3
900.2E-9       -47.39E-3
900.2E-9       -47.39E-3
900.2E-9       -47.39E-3
900.2E-9       -47.39E-3
900.2E-9       -47.39E-3
900.2E-9       -47.39E-3
900.2E-9       -47.39E-3
900.2E-9       -47.39E-3
900.2E-9       -47.39E-3
900.2E-9       -47.39E-3
900.2E-9       -47.39E-3
900.2E-9       -47.39E-3
900.2E-9       -47.39E-3
900.2E-9       -47.39E-3
900.2E-9       -47.39E-3
900.2E-9       -47.39E-3
900.3E-9       -47.39E-3
900.3E-9       -47.39E-3
900.3E-9       -47.39E-3
900.4E-9       -47.39E-3
900.4E-9       -47.39E-3
900.5E-9       -47.39E-3
900.6E-9       -47.39E-3
900.7E-9       -47.39E-3
900.8E-9       -47.39E-3
900.9E-9       -47.39E-3
901.0E-9       -47.39E-3
901.1E-9       -47.39E-3
901.2E-9       -47.38E-3
901.4E-9       -47.38E-3
901.6E-9       -47.36E-3
901.9E-9       -47.31E-3
902.3E-9       -47.13E-3
902.8E-9       -46.61E-3
903.3E-9       -45.71E-3
903.7E-9       -44.49E-3
904.0E-9       -42.86E-3
904.4E-9       -40.67E-3
904.8E-9       -37.72E-3
905.3E-9       -33.77E-3
905.6E-9       -29.56E-3
906.0E-9       -24.64E-3
906.5E-9       -16.38E-3
906.7E-9       -12.03E-3
907.0E-9       -7.449E-3
907.2E-9       -4.105E-3
907.4E-9       626.0E-6
907.8E-9       7.701E-3
908.1E-9       15.29E-3
908.6E-9       26.30E-3
909.2E-9       39.99E-3
909.9E-9       53.51E-3
910.4E-9       64.78E-3
911.0E-9       75.18E-3
911.5E-9       85.22E-3
912.1E-9       95.15E-3
912.8E-9       105.2E-3
913.5E-9       115.3E-3
914.3E-9       125.5E-3
915.2E-9       135.8E-3
916.3E-9       146.1E-3
917.6E-9       156.4E-3
919.3E-9       166.7E-3
921.3E-9       175.3E-3
923.7E-9       182.0E-3
925.7E-9       185.0E-3
927.9E-9       186.0E-3
930.5E-9       184.9E-3
933.6E-9       181.3E-3
937.1E-9       174.4E-3
941.2E-9       163.4E-3
946.3E-9       147.1E-3
951.6E-9       127.6E-3
957.1E-9       106.1E-3
962.8E-9       83.39E-3
968.9E-9       60.16E-3
974.9E-9       39.15E-3
980.7E-9       21.26E-3
986.3E-9       6.030E-3
991.9E-9       -6.872E-3
997.6E-9       -17.70E-3
1.004E-6       -26.72E-3
1.010E-6       -34.11E-3
1.017E-6       -40.01E-3
1.024E-6       -44.54E-3
1.033E-6       -47.79E-3
1.042E-6       -49.78E-3
1.052E-6       -50.83E-3
1.063E-6       -51.20E-3
1.077E-6       -51.13E-3
1.093E-6       -50.83E-3
1.113E-6       -50.48E-3
1.133E-6       -50.26E-3
1.153E-6       -50.15E-3
1.173E-6       -50.11E-3
1.193E-6       -50.09E-3
1.213E-6       -50.09E-3
1.233E-6       -50.08E-3
1.253E-6       -50.07E-3
1.273E-6       -50.06E-3
1.293E-6       -50.04E-3
1.313E-6       -50.03E-3
1.333E-6       -50.02E-3
1.353E-6       -50.00E-3
1.373E-6       -49.99E-3
