866.9E-9       -64.47E-3
883.5E-9       -64.47E-3
900.0E-9       -64.47E-3
900.0E-9       -64.47E-3
900.0E-9       -64.47E-3
900.0E-9       -64.47E-3
900.0E-9       -64.47E-3
900.0E-9       -64.47E-3
900.0E-9       -64.47E-3
900.0E-9       -64.47E-3
900.0E-9       -64.47E-3
900.0E-9       -64.47E-3
900.0E-9       -64.47E-3
900.0E-9       -64.47E-3
900.0E-9       -64.47E-3
900.0E-9       -64.47E-3
900.0E-9       -64.47E-3
900.0E-9       -64.47E-3
900.0E-9       -64.47E-3
900.0E-9       -64.47E-3
900.0E-9       -64.47E-3
900.0E-9       -64.47E-3
900.0E-9       -64.47E-3
900.0E-9       -64.47E-3
900.0E-9       -64.47E-3
900.0E-9       -64.47E-3
900.0E-9       -64.47E-3
900.0E-9       -64.47E-3
900.0E-9       -64.47E-3
900.0E-9       -64.47E-3
900.0E-9       -64.47E-3
900.0E-9       -64.47E-3
900.0E-9       -64.47E-3
900.0E-9       -64.47E-3
900.1E-9       -64.47E-3
900.1E-9       -64.47E-3
900.1E-9       -64.47E-3
900.1E-9       -64.47E-3
900.1E-9       -64.47E-3
900.1E-9       -64.47E-3
900.1E-9       -64.47E-3
900.1E-9       -64.47E-3
900.1E-9       -64.47E-3
900.1E-9       -64.47E-3
900.1E-9       -64.47E-3
900.1E-9       -64.47E-3
900.1E-9       -64.47E-3
900.1E-9       -64.47E-3
900.1E-9       -64.47E-3
900.1E-9       -64.47E-3
900.1E-9       -64.47E-3
900.1E-9       -64.47E-3
900.1E-9       -64.47E-3
900.1E-9       -64.47E-3
900.1E-9       -64.47E-3
900.1E-9       -64.47E-3
900.1E-9       -64.47E-3
900.1E-9       -64.47E-3
900.1E-9       -64.48E-3
900.1E-9       -64.48E-3
900.1E-9       -64.48E-3
900.1E-9       -64.48E-3
900.1E-9       -64.48E-3
900.1E-9       -64.48E-3
900.1E-9       -64.48E-3
900.1E-9       -64.48E-3
900.1E-9       -64.48E-3
900.1E-9       -64.48E-3
900.1E-9       -64.48E-3
900.1E-9       -64.48E-3
900.1E-9       -64.48E-3
900.1E-9       -64.48E-3
900.1E-9       -64.48E-3
900.1E-9       -64.48E-3
900.1E-9       -64.48E-3
900.1E-9       -64.48E-3
900.1E-9       -64.48E-3
900.1E-9       -64.48E-3
900.1E-9       -64.48E-3
900.1E-9       -64.48E-3
900.1E-9       -64.48E-3
900.1E-9       -64.48E-3
900.1E-9       -64.48E-3
900.1E-9       -64.48E-3
900.1E-9       -64.48E-3
900.1E-9       -64.48E-3
900.1E-9       -64.48E-3
900.1E-9       -64.48E-3
900.1E-9       -64.48E-3
900.1E-9       -64.48E-3
900.1E-9       -64.48E-3
900.1E-9       -64.48E-3
900.1E-9       -64.47E-3
900.1E-9       -64.47E-3
900.1E-9       -64.47E-3
900.1E-9       -64.47E-3
900.1E-9       -64.47E-3
900.1E-9       -64.47E-3
900.1E-9       -64.47E-3
900.1E-9       -64.47E-3
900.1E-9       -64.47E-3
900.1E-9       -64.47E-3
900.1E-9       -64.47E-3
900.1E-9       -64.47E-3
900.1E-9       -64.47E-3
900.1E-9       -64.47E-3
900.1E-9       -64.47E-3
900.1E-9       -64.47E-3
900.1E-9       -64.47E-3
900.1E-9       -64.47E-3
900.1E-9       -64.47E-3
900.1E-9       -64.47E-3
900.1E-9       -64.47E-3
900.1E-9       -64.47E-3
900.1E-9       -64.47E-3
900.1E-9       -64.47E-3
900.1E-9       -64.47E-3
900.1E-9       -64.47E-3
900.1E-9       -64.47E-3
900.1E-9       -64.47E-3
900.1E-9       -64.47E-3
900.1E-9       -64.47E-3
900.1E-9       -64.47E-3
900.1E-9       -64.47E-3
900.1E-9       -64.47E-3
900.1E-9       -64.47E-3
900.1E-9       -64.47E-3
900.1E-9       -64.47E-3
900.1E-9       -64.47E-3
900.1E-9       -64.47E-3
900.1E-9       -64.47E-3
900.1E-9       -64.47E-3
900.1E-9       -64.47E-3
900.1E-9       -64.47E-3
900.1E-9       -64.47E-3
900.1E-9       -64.47E-3
900.1E-9       -64.47E-3
900.1E-9       -64.47E-3
900.1E-9       -64.47E-3
900.1E-9       -64.47E-3
900.1E-9       -64.47E-3
900.1E-9       -64.47E-3
900.1E-9       -64.47E-3
900.1E-9       -64.47E-3
900.1E-9       -64.47E-3
900.1E-9       -64.47E-3
900.1E-9       -64.47E-3
900.1E-9       -64.47E-3
900.1E-9       -64.47E-3
900.1E-9       -64.47E-3
900.1E-9       -64.47E-3
900.1E-9       -64.47E-3
900.1E-9       -64.47E-3
900.1E-9       -64.47E-3
900.1E-9       -64.47E-3
900.1E-9       -64.47E-3
900.1E-9       -64.47E-3
900.1E-9       -64.47E-3
900.1E-9       -64.47E-3
900.1E-9       -64.47E-3
900.1E-9       -64.47E-3
900.1E-9       -64.47E-3
900.1E-9       -64.47E-3
900.1E-9       -64.47E-3
900.1E-9       -64.47E-3
900.2E-9       -64.47E-3
900.2E-9       -64.47E-3
900.2E-9       -64.47E-3
900.2E-9       -64.47E-3
900.2E-9       -64.47E-3
900.2E-9       -64.47E-3
900.2E-9       -64.47E-3
900.2E-9       -64.47E-3
900.2E-9       -64.47E-3
900.2E-9       -64.47E-3
900.2E-9       -64.47E-3
900.2E-9       -64.47E-3
900.2E-9       -64.47E-3
900.2E-9       -64.47E-3
900.2E-9       -64.47E-3
900.2E-9       -64.47E-3
900.2E-9       -64.47E-3
900.2E-9       -64.47E-3
900.2E-9       -64.47E-3
900.2E-9       -64.47E-3
900.2E-9       -64.47E-3
900.2E-9       -64.47E-3
900.2E-9       -64.47E-3
900.2E-9       -64.47E-3
900.2E-9       -64.47E-3
900.2E-9       -64.47E-3
900.2E-9       -64.47E-3
900.2E-9       -64.47E-3
900.2E-9       -64.47E-3
900.2E-9       -64.47E-3
900.2E-9       -64.47E-3
900.2E-9       -64.47E-3
900.2E-9       -64.47E-3
900.2E-9       -64.47E-3
900.2E-9       -64.47E-3
900.2E-9       -64.47E-3
900.2E-9       -64.47E-3
900.2E-9       -64.47E-3
900.2E-9       -64.47E-3
900.2E-9       -64.47E-3
900.2E-9       -64.47E-3
900.2E-9       -64.47E-3
900.2E-9       -64.47E-3
900.2E-9       -64.47E-3
900.2E-9       -64.47E-3
900.2E-9       -64.47E-3
900.2E-9       -64.47E-3
900.2E-9       -64.47E-3
900.2E-9       -64.47E-3
900.2E-9       -64.47E-3
900.2E-9       -64.47E-3
900.3E-9       -64.47E-3
900.3E-9       -64.47E-3
900.3E-9       -64.47E-3
900.3E-9       -64.47E-3
900.3E-9       -64.47E-3
900.3E-9       -64.48E-3
900.4E-9       -64.48E-3
900.4E-9       -64.48E-3
900.4E-9       -64.48E-3
900.5E-9       -64.49E-3
900.6E-9       -64.49E-3
900.7E-9       -64.50E-3
900.8E-9       -64.50E-3
900.9E-9       -64.51E-3
901.0E-9       -64.51E-3
901.2E-9       -64.51E-3
901.4E-9       -64.51E-3
901.6E-9       -64.51E-3
901.9E-9       -64.50E-3
902.3E-9       -64.47E-3
902.8E-9       -64.40E-3
903.5E-9       -64.23E-3
904.2E-9       -63.85E-3
905.1E-9       -63.03E-3
905.6E-9       -62.44E-3
906.0E-9       -61.70E-3
906.2E-9       -61.27E-3
906.5E-9       -60.54E-3
906.8E-9       -59.94E-3
907.0E-9       -59.29E-3
907.5E-9       -57.64E-3
907.8E-9       -56.22E-3
908.2E-9       -54.48E-3
908.8E-9       -51.73E-3
909.4E-9       -48.27E-3
910.1E-9       -43.80E-3
910.9E-9       -37.82E-3
912.0E-9       -28.97E-3
913.3E-9       -17.63E-3
914.5E-9       -7.123E-3
915.5E-9       2.209E-3
916.5E-9       11.09E-3
917.6E-9       19.68E-3
918.7E-9       28.10E-3
919.9E-9       36.38E-3
921.1E-9       44.41E-3
922.5E-9       52.03E-3
924.0E-9       59.05E-3
925.7E-9       65.25E-3
927.6E-9       70.34E-3
929.7E-9       73.95E-3
932.2E-9       75.58E-3
935.1E-9       74.50E-3
938.6E-9       69.69E-3
942.6E-9       60.68E-3
947.0E-9       47.55E-3
951.6E-9       32.31E-3
956.3E-9       15.98E-3
961.3E-9       -757.7E-6
966.7E-9       -17.38E-3
972.9E-9       -33.58E-3
979.2E-9       -46.39E-3
984.4E-9       -54.56E-3
989.4E-9       -60.24E-3
994.3E-9       -64.22E-3
999.4E-9       -66.94E-3
1.005E-6       -68.66E-3
1.011E-6       -69.52E-3
1.019E-6       -69.62E-3
1.029E-6       -69.06E-3
1.040E-6       -68.17E-3
1.053E-6       -67.34E-3
1.069E-6       -66.81E-3
1.085E-6       -66.62E-3
1.105E-6       -66.62E-3
1.125E-6       -66.67E-3
1.145E-6       -66.70E-3
1.165E-6       -66.70E-3
1.185E-6       -66.67E-3
1.205E-6       -66.65E-3
1.225E-6       -66.62E-3
1.245E-6       -66.60E-3
1.265E-6       -66.57E-3
1.285E-6       -66.55E-3
1.305E-6       -66.53E-3
1.325E-6       -66.51E-3
1.345E-6       -66.49E-3
1.365E-6       -66.47E-3
