871.3E-9       -70.17E-3
885.7E-9       -70.17E-3
900.0E-9       -70.17E-3
900.0E-9       -70.17E-3
900.0E-9       -70.17E-3
900.0E-9       -70.17E-3
900.0E-9       -70.17E-3
900.0E-9       -70.17E-3
900.0E-9       -70.17E-3
900.0E-9       -70.17E-3
900.0E-9       -70.17E-3
900.0E-9       -70.17E-3
900.0E-9       -70.17E-3
900.0E-9       -70.17E-3
900.0E-9       -70.17E-3
900.0E-9       -70.17E-3
900.0E-9       -70.17E-3
900.0E-9       -70.17E-3
900.0E-9       -70.17E-3
900.0E-9       -70.17E-3
900.0E-9       -70.17E-3
900.0E-9       -70.17E-3
900.0E-9       -70.17E-3
900.0E-9       -70.17E-3
900.0E-9       -70.17E-3
900.0E-9       -70.17E-3
900.0E-9       -70.17E-3
900.0E-9       -70.17E-3
900.0E-9       -70.17E-3
900.0E-9       -70.17E-3
900.0E-9       -70.17E-3
900.0E-9       -70.17E-3
900.0E-9       -70.17E-3
900.0E-9       -70.17E-3
900.0E-9       -70.17E-3
900.0E-9       -70.17E-3
900.0E-9       -70.17E-3
900.0E-9       -70.17E-3
900.0E-9       -70.17E-3
900.0E-9       -70.17E-3
900.0E-9       -70.17E-3
900.0E-9       -70.17E-3
900.1E-9       -70.17E-3
900.1E-9       -70.17E-3
900.1E-9       -70.17E-3
900.1E-9       -70.17E-3
900.1E-9       -70.17E-3
900.1E-9       -70.17E-3
900.1E-9       -70.17E-3
900.1E-9       -70.17E-3
900.1E-9       -70.17E-3
900.1E-9       -70.17E-3
900.1E-9       -70.17E-3
900.1E-9       -70.17E-3
900.1E-9       -70.17E-3
900.1E-9       -70.17E-3
900.1E-9       -70.17E-3
900.1E-9       -70.17E-3
900.1E-9       -70.17E-3
900.1E-9       -70.17E-3
900.1E-9       -70.17E-3
900.1E-9       -70.17E-3
900.1E-9       -70.17E-3
900.1E-9       -70.17E-3
900.1E-9       -70.17E-3
900.1E-9       -70.17E-3
900.1E-9       -70.17E-3
900.1E-9       -70.17E-3
900.1E-9       -70.17E-3
900.1E-9       -70.17E-3
900.1E-9       -70.17E-3
900.1E-9       -70.17E-3
900.1E-9       -70.17E-3
900.1E-9       -70.17E-3
900.1E-9       -70.17E-3
900.1E-9       -70.17E-3
900.1E-9       -70.17E-3
900.1E-9       -70.17E-3
900.1E-9       -70.17E-3
900.1E-9       -70.17E-3
900.1E-9       -70.17E-3
900.1E-9       -70.17E-3
900.1E-9       -70.17E-3
900.1E-9       -70.17E-3
900.1E-9       -70.17E-3
900.1E-9       -70.17E-3
900.1E-9       -70.17E-3
900.1E-9       -70.17E-3
900.1E-9       -70.17E-3
900.1E-9       -70.17E-3
900.1E-9       -70.17E-3
900.1E-9       -70.17E-3
900.1E-9       -70.17E-3
900.1E-9       -70.17E-3
900.1E-9       -70.17E-3
900.1E-9       -70.17E-3
900.1E-9       -70.17E-3
900.1E-9       -70.17E-3
900.1E-9       -70.17E-3
900.1E-9       -70.17E-3
900.1E-9       -70.17E-3
900.1E-9       -70.17E-3
900.1E-9       -70.17E-3
900.1E-9       -70.17E-3
900.1E-9       -70.17E-3
900.1E-9       -70.17E-3
900.1E-9       -70.17E-3
900.1E-9       -70.17E-3
900.1E-9       -70.17E-3
900.1E-9       -70.17E-3
900.1E-9       -70.17E-3
900.1E-9       -70.17E-3
900.1E-9       -70.17E-3
900.1E-9       -70.17E-3
900.1E-9       -70.17E-3
900.1E-9       -70.17E-3
900.1E-9       -70.17E-3
900.1E-9       -70.17E-3
900.1E-9       -70.17E-3
900.1E-9       -70.17E-3
900.1E-9       -70.17E-3
900.1E-9       -70.17E-3
900.1E-9       -70.17E-3
900.1E-9       -70.17E-3
900.1E-9       -70.17E-3
900.1E-9       -70.17E-3
900.1E-9       -70.17E-3
900.1E-9       -70.17E-3
900.1E-9       -70.17E-3
900.1E-9       -70.17E-3
900.1E-9       -70.17E-3
900.1E-9       -70.17E-3
900.1E-9       -70.17E-3
900.1E-9       -70.17E-3
900.1E-9       -70.17E-3
900.1E-9       -70.17E-3
900.1E-9       -70.17E-3
900.1E-9       -70.17E-3
900.1E-9       -70.17E-3
900.1E-9       -70.17E-3
900.1E-9       -70.17E-3
900.1E-9       -70.17E-3
900.1E-9       -70.17E-3
900.1E-9       -70.17E-3
900.1E-9       -70.17E-3
900.1E-9       -70.17E-3
900.1E-9       -70.17E-3
900.1E-9       -70.17E-3
900.1E-9       -70.17E-3
900.1E-9       -70.17E-3
900.1E-9       -70.17E-3
900.1E-9       -70.17E-3
900.1E-9       -70.17E-3
900.1E-9       -70.17E-3
900.1E-9       -70.17E-3
900.1E-9       -70.17E-3
900.1E-9       -70.17E-3
900.1E-9       -70.17E-3
900.1E-9       -70.17E-3
900.1E-9       -70.17E-3
900.1E-9       -70.17E-3
900.1E-9       -70.17E-3
900.1E-9       -70.17E-3
900.1E-9       -70.17E-3
900.1E-9       -70.17E-3
900.1E-9       -70.17E-3
900.1E-9       -70.17E-3
900.1E-9       -70.17E-3
900.1E-9       -70.17E-3
900.1E-9       -70.17E-3
900.1E-9       -70.17E-3
900.1E-9       -70.17E-3
900.1E-9       -70.17E-3
900.1E-9       -70.17E-3
900.1E-9       -70.17E-3
900.1E-9       -70.17E-3
900.1E-9       -70.17E-3
900.1E-9       -70.17E-3
900.1E-9       -70.17E-3
900.1E-9       -70.17E-3
900.1E-9       -70.17E-3
900.1E-9       -70.17E-3
900.1E-9       -70.17E-3
900.1E-9       -70.17E-3
900.1E-9       -70.17E-3
900.1E-9       -70.17E-3
900.1E-9       -70.17E-3
900.1E-9       -70.17E-3
900.1E-9       -70.17E-3
900.1E-9       -70.17E-3
900.1E-9       -70.17E-3
900.1E-9       -70.17E-3
900.1E-9       -70.17E-3
900.1E-9       -70.17E-3
900.1E-9       -70.17E-3
900.1E-9       -70.17E-3
900.1E-9       -70.17E-3
900.1E-9       -70.17E-3
900.1E-9       -70.17E-3
900.1E-9       -70.17E-3
900.1E-9       -70.17E-3
900.1E-9       -70.17E-3
900.1E-9       -70.17E-3
900.1E-9       -70.17E-3
900.1E-9       -70.17E-3
900.1E-9       -70.17E-3
900.1E-9       -70.17E-3
900.1E-9       -70.17E-3
900.1E-9       -70.17E-3
900.1E-9       -70.17E-3
900.1E-9       -70.17E-3
900.1E-9       -70.17E-3
900.1E-9       -70.17E-3
900.1E-9       -70.17E-3
900.2E-9       -70.17E-3
900.2E-9       -70.17E-3
900.2E-9       -70.17E-3
900.2E-9       -70.17E-3
900.2E-9       -70.17E-3
900.2E-9       -70.17E-3
900.2E-9       -70.17E-3
900.2E-9       -70.17E-3
900.2E-9       -70.17E-3
900.2E-9       -70.17E-3
900.2E-9       -70.17E-3
900.2E-9       -70.17E-3
900.2E-9       -70.17E-3
900.2E-9       -70.17E-3
900.2E-9       -70.17E-3
900.2E-9       -70.17E-3
900.2E-9       -70.17E-3
900.2E-9       -70.17E-3
900.2E-9       -70.17E-3
900.2E-9       -70.17E-3
900.2E-9       -70.17E-3
900.2E-9       -70.17E-3
900.2E-9       -70.17E-3
900.2E-9       -70.17E-3
900.3E-9       -70.17E-3
900.3E-9       -70.17E-3
900.3E-9       -70.17E-3
900.4E-9       -70.17E-3
900.4E-9       -70.17E-3
900.5E-9       -70.17E-3
900.6E-9       -70.17E-3
900.7E-9       -70.17E-3
900.8E-9       -70.17E-3
900.9E-9       -70.17E-3
901.0E-9       -70.17E-3
901.1E-9       -70.17E-3
901.2E-9       -70.17E-3
901.4E-9       -70.16E-3
901.6E-9       -70.15E-3
901.9E-9       -70.10E-3
902.3E-9       -69.94E-3
902.8E-9       -69.44E-3
903.2E-9       -68.60E-3
903.7E-9       -67.45E-3
904.0E-9       -65.92E-3
904.4E-9       -63.84E-3
904.8E-9       -61.04E-3
905.2E-9       -57.29E-3
905.7E-9       -52.35E-3
906.0E-9       -48.19E-3
906.5E-9       -40.24E-3
906.7E-9       -35.78E-3
907.0E-9       -31.08E-3
907.2E-9       -27.79E-3
907.4E-9       -23.08E-3
907.7E-9       -15.90E-3
908.1E-9       -8.303E-3
908.6E-9       2.737E-3
909.2E-9       16.70E-3
909.8E-9       30.76E-3
910.4E-9       42.38E-3
910.9E-9       53.05E-3
911.5E-9       63.29E-3
912.0E-9       73.32E-3
912.7E-9       83.34E-3
913.4E-9       93.32E-3
914.1E-9       103.2E-3
915.0E-9       112.8E-3
916.0E-9       122.0E-3
917.1E-9       130.5E-3
918.6E-9       138.0E-3
920.3E-9       143.1E-3
922.3E-9       144.8E-3
924.0E-9       143.0E-3
926.6E-9       136.2E-3
928.9E-9       126.8E-3
931.2E-9       114.5E-3
934.0E-9       97.06E-3
937.3E-9       74.69E-3
940.7E-9       50.97E-3
943.9E-9       29.14E-3
946.9E-9       9.594E-3
949.8E-9       -7.711E-3
952.7E-9       -22.82E-3
955.6E-9       -35.92E-3
958.6E-9       -47.15E-3
961.7E-9       -56.61E-3
965.1E-9       -64.37E-3
968.7E-9       -70.46E-3
972.8E-9       -74.89E-3
977.1E-9       -77.54E-3
981.8E-9       -78.74E-3
987.0E-9       -78.77E-3
993.1E-9       -77.90E-3
1.001E-6       -76.40E-3
1.009E-6       -74.75E-3
1.021E-6       -73.37E-3
1.035E-6       -72.55E-3
1.049E-6       -72.38E-3
1.066E-6       -72.47E-3
1.086E-6       -72.60E-3
1.106E-6       -72.65E-3
1.126E-6       -72.63E-3
1.146E-6       -72.60E-3
1.166E-6       -72.57E-3
1.186E-6       -72.54E-3
1.206E-6       -72.52E-3
1.226E-6       -72.49E-3
1.246E-6       -72.47E-3
1.266E-6       -72.45E-3
1.286E-6       -72.43E-3
1.306E-6       -72.41E-3
1.326E-6       -72.39E-3
1.346E-6       -72.36E-3
1.366E-6       -72.34E-3
