862.0E-9  -47.35E-3
882.0E-9  -47.35E-3
900.0E-9  -47.35E-3
900.0E-9  -47.35E-3
900.0E-9  -47.35E-3
900.0E-9  -47.35E-3
900.0E-9  -47.35E-3
900.0E-9  -47.35E-3
900.0E-9  -47.35E-3
900.0E-9  -47.35E-3
900.0E-9  -47.35E-3
900.0E-9  -47.35E-3
900.0E-9  -47.35E-3
900.0E-9  -47.35E-3
900.0E-9  -47.35E-3
900.0E-9  -47.35E-3
900.0E-9  -47.35E-3
900.0E-9  -47.35E-3
900.0E-9  -47.35E-3
900.0E-9  -47.35E-3
900.0E-9  -47.35E-3
900.0E-9  -47.35E-3
900.0E-9  -47.35E-3
900.0E-9  -47.35E-3
900.0E-9  -47.35E-3
900.0E-9  -47.35E-3
900.0E-9  -47.35E-3
900.0E-9  -47.35E-3
900.0E-9  -47.35E-3
900.0E-9  -47.35E-3
900.0E-9  -47.35E-3
900.0E-9  -47.35E-3
900.0E-9  -47.35E-3
900.0E-9  -47.35E-3
900.0E-9  -47.35E-3
900.0E-9  -47.35E-3
900.0E-9  -47.35E-3
900.0E-9  -47.35E-3
900.0E-9  -47.35E-3
900.0E-9  -47.35E-3
900.0E-9  -47.35E-3
900.0E-9  -47.35E-3
900.1E-9  -47.35E-3
900.1E-9  -47.35E-3
900.1E-9  -47.35E-3
900.1E-9  -47.35E-3
900.1E-9  -47.35E-3
900.1E-9  -47.35E-3
900.1E-9  -47.35E-3
900.1E-9  -47.35E-3
900.1E-9  -47.35E-3
900.1E-9  -47.35E-3
900.1E-9  -47.35E-3
900.1E-9  -47.35E-3
900.1E-9  -47.35E-3
900.1E-9  -47.35E-3
900.1E-9  -47.35E-3
900.1E-9  -47.35E-3
900.1E-9  -47.35E-3
900.1E-9  -47.35E-3
900.1E-9  -47.35E-3
900.1E-9  -47.35E-3
900.1E-9  -47.35E-3
900.1E-9  -47.35E-3
900.1E-9  -47.35E-3
900.1E-9  -47.35E-3
900.1E-9  -47.35E-3
900.1E-9  -47.35E-3
900.1E-9  -47.35E-3
900.1E-9  -47.35E-3
900.1E-9  -47.35E-3
900.1E-9  -47.35E-3
900.1E-9  -47.35E-3
900.1E-9  -47.35E-3
900.1E-9  -47.35E-3
900.1E-9  -47.35E-3
900.1E-9  -47.35E-3
900.1E-9  -47.35E-3
900.1E-9  -47.35E-3
900.1E-9  -47.35E-3
900.1E-9  -47.35E-3
900.1E-9  -47.35E-3
900.1E-9  -47.35E-3
900.1E-9  -47.35E-3
900.1E-9  -47.35E-3
900.1E-9  -47.35E-3
900.1E-9  -47.35E-3
900.1E-9  -47.35E-3
900.1E-9  -47.35E-3
900.1E-9  -47.35E-3
900.1E-9  -47.35E-3
900.1E-9  -47.35E-3
900.1E-9  -47.35E-3
900.1E-9  -47.35E-3
900.1E-9  -47.35E-3
900.1E-9  -47.35E-3
900.1E-9  -47.35E-3
900.1E-9  -47.35E-3
900.1E-9  -47.35E-3
900.1E-9  -47.35E-3
900.1E-9  -47.35E-3
900.1E-9  -47.35E-3
900.1E-9  -47.35E-3
900.1E-9  -47.35E-3
900.1E-9  -47.35E-3
900.1E-9  -47.35E-3
900.1E-9  -47.35E-3
900.1E-9  -47.35E-3
900.1E-9  -47.35E-3
900.1E-9  -47.35E-3
900.1E-9  -47.35E-3
900.1E-9  -47.35E-3
900.1E-9  -47.35E-3
900.1E-9  -47.35E-3
900.1E-9  -47.35E-3
900.1E-9  -47.35E-3
900.1E-9  -47.35E-3
900.1E-9  -47.35E-3
900.1E-9  -47.35E-3
900.1E-9  -47.35E-3
900.1E-9  -47.35E-3
900.1E-9  -47.35E-3
900.1E-9  -47.35E-3
900.1E-9  -47.35E-3
900.1E-9  -47.35E-3
900.1E-9  -47.35E-3
900.1E-9  -47.35E-3
900.1E-9  -47.35E-3
900.1E-9  -47.35E-3
900.1E-9  -47.35E-3
900.1E-9  -47.35E-3
900.1E-9  -47.35E-3
900.1E-9  -47.35E-3
900.1E-9  -47.35E-3
900.1E-9  -47.35E-3
900.1E-9  -47.35E-3
900.1E-9  -47.35E-3
900.1E-9  -47.35E-3
900.1E-9  -47.35E-3
900.1E-9  -47.35E-3
900.1E-9  -47.35E-3
900.1E-9  -47.35E-3
900.1E-9  -47.35E-3
900.1E-9  -47.35E-3
900.1E-9  -47.35E-3
900.1E-9  -47.35E-3
900.1E-9  -47.35E-3
900.1E-9  -47.35E-3
900.1E-9  -47.35E-3
900.1E-9  -47.35E-3
900.1E-9  -47.35E-3
900.1E-9  -47.35E-3
900.1E-9  -47.35E-3
900.1E-9  -47.35E-3
900.1E-9  -47.35E-3
900.1E-9  -47.35E-3
900.1E-9  -47.35E-3
900.1E-9  -47.35E-3
900.1E-9  -47.35E-3
900.1E-9  -47.35E-3
900.1E-9  -47.35E-3
900.1E-9  -47.35E-3
900.1E-9  -47.35E-3
900.1E-9  -47.35E-3
900.1E-9  -47.35E-3
900.1E-9  -47.35E-3
900.1E-9  -47.35E-3
900.1E-9  -47.35E-3
900.1E-9  -47.35E-3
900.1E-9  -47.35E-3
900.1E-9  -47.35E-3
900.1E-9  -47.35E-3
900.1E-9  -47.35E-3
900.1E-9  -47.35E-3
900.1E-9  -47.35E-3
900.1E-9  -47.35E-3
900.1E-9  -47.35E-3
900.1E-9  -47.35E-3
900.1E-9  -47.35E-3
900.1E-9  -47.35E-3
900.1E-9  -47.35E-3
900.1E-9  -47.35E-3
900.1E-9  -47.35E-3
900.1E-9  -47.35E-3
900.1E-9  -47.35E-3
900.1E-9  -47.35E-3
900.1E-9  -47.35E-3
900.1E-9  -47.35E-3
900.1E-9  -47.35E-3
900.1E-9  -47.35E-3
900.1E-9  -47.35E-3
900.1E-9  -47.35E-3
900.1E-9  -47.35E-3
900.1E-9  -47.35E-3
900.1E-9  -47.35E-3
900.1E-9  -47.35E-3
900.1E-9  -47.35E-3
900.1E-9  -47.35E-3
900.1E-9  -47.35E-3
900.1E-9  -47.35E-3
900.1E-9  -47.35E-3
900.1E-9  -47.35E-3
900.1E-9  -47.35E-3
900.1E-9  -47.35E-3
900.1E-9  -47.35E-3
900.1E-9  -47.35E-3
900.1E-9  -47.35E-3
900.1E-9  -47.35E-3
900.1E-9  -47.35E-3
900.1E-9  -47.35E-3
900.1E-9  -47.35E-3
900.1E-9  -47.35E-3
900.1E-9  -47.35E-3
900.1E-9  -47.35E-3
900.2E-9  -47.35E-3
900.2E-9  -47.35E-3
900.2E-9  -47.35E-3
900.2E-9  -47.35E-3
900.2E-9  -47.35E-3
900.2E-9  -47.35E-3
900.2E-9  -47.35E-3
900.2E-9  -47.35E-3
900.2E-9  -47.35E-3
900.2E-9  -47.35E-3
900.2E-9  -47.35E-3
900.2E-9  -47.35E-3
900.2E-9  -47.35E-3
900.2E-9  -47.35E-3
900.2E-9  -47.35E-3
900.2E-9  -47.35E-3
900.2E-9  -47.35E-3
900.2E-9  -47.35E-3
900.2E-9  -47.35E-3
900.2E-9  -47.35E-3
900.2E-9  -47.35E-3
900.2E-9  -47.35E-3
900.2E-9  -47.35E-3
900.2E-9  -47.35E-3
900.3E-9  -47.35E-3
900.3E-9  -47.35E-3
900.3E-9  -47.35E-3
900.4E-9  -47.35E-3
900.4E-9  -47.35E-3
900.5E-9  -47.35E-3
900.6E-9  -47.35E-3
900.7E-9  -47.35E-3
900.8E-9  -47.35E-3
900.9E-9  -47.35E-3
901.0E-9  -47.35E-3
901.1E-9  -47.35E-3
901.2E-9  -47.35E-3
901.4E-9  -47.34E-3
901.6E-9  -47.32E-3
901.9E-9  -47.27E-3
902.3E-9  -47.11E-3
902.8E-9  -46.59E-3
903.2E-9  -45.73E-3
903.6E-9  -44.56E-3
904.0E-9  -43.02E-3
904.4E-9  -40.95E-3
904.8E-9  -38.19E-3
905.2E-9  -34.54E-3
905.6E-9  -29.81E-3
906.0E-9  -25.13E-3
906.5E-9  -17.50E-3
906.7E-9  -13.07E-3
907.0E-9  -8.403E-3
907.2E-9  -5.380E-3
907.4E-9  -980.8E-6
907.7E-9  5.891E-3
908.1E-9  12.86E-3
908.5E-9  22.86E-3
909.1E-9  35.61E-3
909.8E-9  48.66E-3
910.3E-9  59.11E-3
910.8E-9  68.51E-3
911.4E-9  77.38E-3
911.9E-9  85.89E-3
912.5E-9  94.19E-3
913.1E-9  102.2E-3
913.8E-9  109.8E-3
914.6E-9  116.8E-3
915.4E-9  122.9E-3
916.4E-9  127.8E-3
917.5E-9  130.8E-3
918.8E-9  131.2E-3
920.3E-9  127.5E-3
922.0E-9  119.0E-3
923.9E-9  104.6E-3
926.2E-9  83.67E-3
928.0E-9  64.71E-3
930.1E-9  41.60E-3
931.8E-9  23.38E-3
934.0E-9  1.542E-3
935.7E-9  -13.94E-3
938.1E-9  -31.76E-3
940.0E-9  -43.34E-3
941.9E-9  -52.39E-3
943.9E-9  -58.95E-3
945.9E-9  -63.30E-3
948.0E-9  -65.82E-3
950.2E-9  -66.66E-3
952.8E-9  -65.91E-3
955.8E-9  -63.60E-3
959.7E-9  -59.82E-3
963.8E-9  -55.81E-3
968.6E-9  -52.25E-3
973.0E-9  -50.16E-3
977.4E-9  -49.07E-3
982.3E-9  -48.71E-3
988.0E-9  -48.87E-3
995.6E-9  -49.32E-3
1.005E-6  -49.73E-3
1.017E-6  -49.84E-3
1.030E-6  -49.75E-3
1.047E-6  -49.62E-3
1.067E-6  -49.56E-3
1.087E-6  -49.54E-3
1.107E-6  -49.51E-3
1.127E-6  -49.47E-3
1.147E-6  -49.44E-3
1.167E-6  -49.40E-3
1.187E-6  -49.37E-3
1.207E-6  -49.33E-3
1.227E-6  -49.30E-3
1.247E-6  -49.27E-3
1.267E-6  -49.24E-3
1.287E-6  -49.21E-3
1.307E-6  -49.18E-3
1.327E-6  -49.14E-3
1.347E-6  -49.11E-3
1.367E-6  -49.09E-3
