866.9E-9  485.7E-3
883.5E-9  485.7E-3
900.0E-9  485.7E-3
900.0E-9  485.7E-3
900.0E-9  485.7E-3
900.0E-9  485.7E-3
900.0E-9  485.7E-3
900.0E-9  485.7E-3
900.0E-9  485.7E-3
900.0E-9  485.7E-3
900.0E-9  485.7E-3
900.0E-9  485.7E-3
900.0E-9  485.7E-3
900.0E-9  485.7E-3
900.0E-9  485.7E-3
900.0E-9  485.7E-3
900.0E-9  485.7E-3
900.0E-9  485.7E-3
900.0E-9  485.7E-3
900.0E-9  485.7E-3
900.0E-9  485.7E-3
900.0E-9  485.7E-3
900.0E-9  485.7E-3
900.0E-9  485.7E-3
900.0E-9  485.7E-3
900.0E-9  485.7E-3
900.0E-9  485.7E-3
900.0E-9  485.7E-3
900.0E-9  485.7E-3
900.0E-9  485.7E-3
900.0E-9  485.7E-3
900.0E-9  485.7E-3
900.0E-9  485.7E-3
900.0E-9  485.7E-3
900.1E-9  485.7E-3
900.1E-9  485.7E-3
900.1E-9  485.7E-3
900.1E-9  485.7E-3
900.1E-9  485.7E-3
900.1E-9  485.7E-3
900.1E-9  485.7E-3
900.1E-9  485.7E-3
900.1E-9  485.7E-3
900.1E-9  485.7E-3
900.1E-9  485.7E-3
900.1E-9  485.7E-3
900.1E-9  485.7E-3
900.1E-9  485.7E-3
900.1E-9  485.7E-3
900.1E-9  485.7E-3
900.1E-9  485.7E-3
900.1E-9  485.7E-3
900.1E-9  485.7E-3
900.1E-9  485.7E-3
900.1E-9  485.7E-3
900.1E-9  485.7E-3
900.1E-9  485.7E-3
900.1E-9  485.7E-3
900.1E-9  485.7E-3
900.1E-9  485.7E-3
900.1E-9  485.7E-3
900.1E-9  485.7E-3
900.1E-9  485.7E-3
900.1E-9  485.7E-3
900.1E-9  485.7E-3
900.1E-9  485.7E-3
900.1E-9  485.7E-3
900.1E-9  485.7E-3
900.1E-9  485.7E-3
900.1E-9  485.7E-3
900.1E-9  485.7E-3
900.1E-9  485.7E-3
900.1E-9  485.7E-3
900.1E-9  485.7E-3
900.1E-9  485.7E-3
900.1E-9  485.7E-3
900.1E-9  485.6E-3
900.1E-9  485.6E-3
900.1E-9  485.6E-3
900.1E-9  485.6E-3
900.1E-9  485.6E-3
900.1E-9  485.6E-3
900.1E-9  485.6E-3
900.1E-9  485.6E-3
900.1E-9  485.6E-3
900.1E-9  485.6E-3
900.1E-9  485.6E-3
900.1E-9  485.6E-3
900.1E-9  485.6E-3
900.1E-9  485.6E-3
900.1E-9  485.6E-3
900.1E-9  485.6E-3
900.1E-9  485.6E-3
900.1E-9  485.6E-3
900.1E-9  485.6E-3
900.1E-9  485.6E-3
900.1E-9  485.6E-3
900.1E-9  485.6E-3
900.1E-9  485.6E-3
900.1E-9  485.5E-3
900.1E-9  485.5E-3
900.1E-9  485.5E-3
900.1E-9  485.5E-3
900.1E-9  485.5E-3
900.1E-9  485.5E-3
900.1E-9  485.5E-3
900.1E-9  485.5E-3
900.1E-9  485.5E-3
900.1E-9  485.5E-3
900.1E-9  485.5E-3
900.1E-9  485.5E-3
900.1E-9  485.5E-3
900.1E-9  485.5E-3
900.1E-9  485.5E-3
900.1E-9  485.5E-3
900.1E-9  485.5E-3
900.1E-9  485.5E-3
900.1E-9  485.5E-3
900.1E-9  485.5E-3
900.1E-9  485.5E-3
900.1E-9  485.5E-3
900.1E-9  485.5E-3
900.1E-9  485.5E-3
900.1E-9  485.5E-3
900.1E-9  485.5E-3
900.1E-9  485.5E-3
900.1E-9  485.5E-3
900.1E-9  485.5E-3
900.1E-9  485.5E-3
900.1E-9  485.5E-3
900.1E-9  485.5E-3
900.1E-9  485.5E-3
900.1E-9  485.5E-3
900.1E-9  485.5E-3
900.1E-9  485.5E-3
900.1E-9  485.5E-3
900.1E-9  485.5E-3
900.1E-9  485.5E-3
900.1E-9  485.5E-3
900.1E-9  485.5E-3
900.1E-9  485.5E-3
900.1E-9  485.5E-3
900.1E-9  485.5E-3
900.1E-9  485.5E-3
900.1E-9  485.5E-3
900.1E-9  485.5E-3
900.1E-9  485.5E-3
900.1E-9  485.5E-3
900.1E-9  485.5E-3
900.1E-9  485.6E-3
900.1E-9  485.6E-3
900.1E-9  485.6E-3
900.1E-9  485.6E-3
900.1E-9  485.6E-3
900.1E-9  485.6E-3
900.1E-9  485.6E-3
900.1E-9  485.6E-3
900.1E-9  485.6E-3
900.1E-9  485.6E-3
900.1E-9  485.6E-3
900.1E-9  485.6E-3
900.1E-9  485.6E-3
900.1E-9  485.6E-3
900.1E-9  485.6E-3
900.1E-9  485.6E-3
900.1E-9  485.6E-3
900.1E-9  485.6E-3
900.1E-9  485.6E-3
900.1E-9  485.6E-3
900.2E-9  485.6E-3
900.2E-9  485.6E-3
900.2E-9  485.6E-3
900.2E-9  485.7E-3
900.2E-9  485.7E-3
900.2E-9  485.7E-3
900.2E-9  485.7E-3
900.2E-9  485.7E-3
900.2E-9  485.7E-3
900.2E-9  485.7E-3
900.2E-9  485.7E-3
900.2E-9  485.7E-3
900.2E-9  485.7E-3
900.2E-9  485.7E-3
900.2E-9  485.7E-3
900.2E-9  485.7E-3
900.2E-9  485.7E-3
900.2E-9  485.7E-3
900.2E-9  485.7E-3
900.2E-9  485.7E-3
900.2E-9  485.7E-3
900.2E-9  485.7E-3
900.2E-9  485.7E-3
900.2E-9  485.7E-3
900.2E-9  485.6E-3
900.2E-9  485.6E-3
900.2E-9  485.6E-3
900.2E-9  485.6E-3
900.2E-9  485.6E-3
900.2E-9  485.6E-3
900.2E-9  485.6E-3
900.2E-9  485.6E-3
900.2E-9  485.6E-3
900.2E-9  485.6E-3
900.2E-9  485.6E-3
900.2E-9  485.6E-3
900.2E-9  485.6E-3
900.2E-9  485.6E-3
900.2E-9  485.6E-3
900.2E-9  485.6E-3
900.2E-9  485.6E-3
900.2E-9  485.6E-3
900.2E-9  485.6E-3
900.2E-9  485.6E-3
900.2E-9  485.6E-3
900.2E-9  485.6E-3
900.2E-9  485.6E-3
900.2E-9  485.6E-3
900.2E-9  485.6E-3
900.2E-9  485.6E-3
900.2E-9  485.6E-3
900.3E-9  485.6E-3
900.3E-9  485.6E-3
900.3E-9  485.6E-3
900.3E-9  485.6E-3
900.3E-9  485.6E-3
900.3E-9  485.6E-3
900.4E-9  485.6E-3
900.4E-9  485.6E-3
900.5E-9  485.6E-3
900.5E-9  485.6E-3
900.6E-9  485.6E-3
900.7E-9  485.7E-3
900.9E-9  485.7E-3
901.0E-9  485.7E-3
901.2E-9  485.8E-3
901.4E-9  485.9E-3
901.6E-9  486.0E-3
902.0E-9  486.2E-3
902.4E-9  486.7E-3
903.0E-9  487.5E-3
903.6E-9  489.0E-3
904.4E-9  491.5E-3
905.2E-9  495.0E-3
906.0E-9  499.5E-3
906.2E-9  500.9E-3
906.6E-9  503.7E-3
907.0E-9  506.7E-3
907.4E-9  510.4E-3
907.9E-9  514.1E-3
908.3E-9  517.9E-3
908.9E-9  523.2E-3
909.5E-9  528.9E-3
910.2E-9  535.0E-3
911.0E-9  541.6E-3
912.0E-9  548.9E-3
913.3E-9  556.4E-3
914.6E-9  562.5E-3
915.9E-9  566.0E-3
917.0E-9  567.9E-3
918.2E-9  568.4E-3
919.3E-9  567.9E-3
920.5E-9  566.4E-3
921.8E-9  563.9E-3
923.1E-9  560.4E-3
924.5E-9  556.0E-3
926.0E-9  550.7E-3
927.6E-9  544.5E-3
929.3E-9  537.6E-3
931.1E-9  530.0E-3
932.9E-9  521.9E-3
934.9E-9  513.4E-3
937.0E-9  504.8E-3
939.2E-9  496.4E-3
941.5E-9  488.4E-3
944.0E-9  481.1E-3
946.8E-9  474.5E-3
950.3E-9  469.1E-3
954.0E-9  466.3E-3
957.0E-9  466.1E-3
959.5E-9  467.2E-3
961.9E-9  469.0E-3
964.2E-9  471.2E-3
966.5E-9  473.6E-3
969.0E-9  476.3E-3
971.5E-9  479.0E-3
974.4E-9  481.7E-3
977.7E-9  484.3E-3
981.8E-9  486.6E-3
986.9E-9  488.1E-3
991.8E-9  488.3E-3
995.9E-9  487.8E-3
999.8E-9  487.1E-3
1.004E-6  486.2E-3
1.008E-6  485.3E-3
1.013E-6  484.6E-3
1.019E-6  484.0E-3
1.027E-6  483.8E-3
1.035E-6  484.0E-3
1.042E-6  484.4E-3
1.050E-6  484.7E-3
1.058E-6  484.9E-3
1.070E-6  484.9E-3
1.084E-6  484.8E-3
1.096E-6  484.7E-3
1.111E-6  484.7E-3
1.131E-6  484.7E-3
1.151E-6  484.8E-3
1.171E-6  484.8E-3
1.191E-6  484.8E-3
1.211E-6  484.8E-3
1.231E-6  484.8E-3
1.251E-6  484.8E-3
1.271E-6  484.9E-3
1.291E-6  484.9E-3
1.311E-6  484.9E-3
1.331E-6  484.9E-3
