851.6E-9  485.5E-3
871.6E-9  485.5E-3
885.8E-9  485.4E-3
900.0E-9  485.4E-3
900.0E-9  485.4E-3
900.0E-9  485.4E-3
900.0E-9  485.4E-3
900.0E-9  485.4E-3
900.0E-9  485.4E-3
900.0E-9  485.4E-3
900.0E-9  485.4E-3
900.0E-9  485.4E-3
900.0E-9  485.4E-3
900.0E-9  485.4E-3
900.0E-9  485.4E-3
900.0E-9  485.4E-3
900.0E-9  485.4E-3
900.0E-9  485.4E-3
900.0E-9  485.4E-3
900.0E-9  485.4E-3
900.0E-9  485.4E-3
900.0E-9  485.4E-3
900.0E-9  485.4E-3
900.0E-9  485.4E-3
900.0E-9  485.4E-3
900.0E-9  485.4E-3
900.0E-9  485.4E-3
900.0E-9  485.4E-3
900.0E-9  485.4E-3
900.0E-9  485.4E-3
900.0E-9  485.4E-3
900.0E-9  485.4E-3
900.0E-9  485.4E-3
900.0E-9  485.4E-3
900.0E-9  485.4E-3
900.1E-9  485.4E-3
900.1E-9  485.4E-3
900.1E-9  485.4E-3
900.1E-9  485.4E-3
900.1E-9  485.4E-3
900.1E-9  485.4E-3
900.1E-9  485.4E-3
900.1E-9  485.4E-3
900.1E-9  485.4E-3
900.1E-9  485.4E-3
900.1E-9  485.4E-3
900.1E-9  485.4E-3
900.1E-9  485.4E-3
900.1E-9  485.4E-3
900.1E-9  485.4E-3
900.1E-9  485.4E-3
900.1E-9  485.4E-3
900.1E-9  485.4E-3
900.1E-9  485.4E-3
900.1E-9  485.4E-3
900.1E-9  485.4E-3
900.1E-9  485.4E-3
900.1E-9  485.4E-3
900.1E-9  485.4E-3
900.1E-9  485.4E-3
900.1E-9  485.4E-3
900.1E-9  485.4E-3
900.1E-9  485.4E-3
900.1E-9  485.4E-3
900.1E-9  485.4E-3
900.1E-9  485.4E-3
900.1E-9  485.4E-3
900.1E-9  485.4E-3
900.1E-9  485.4E-3
900.1E-9  485.4E-3
900.1E-9  485.4E-3
900.1E-9  485.4E-3
900.1E-9  485.4E-3
900.1E-9  485.4E-3
900.1E-9  485.4E-3
900.1E-9  485.4E-3
900.1E-9  485.4E-3
900.1E-9  485.3E-3
900.1E-9  485.3E-3
900.1E-9  485.3E-3
900.1E-9  485.3E-3
900.1E-9  485.3E-3
900.1E-9  485.3E-3
900.1E-9  485.3E-3
900.1E-9  485.3E-3
900.1E-9  485.3E-3
900.1E-9  485.3E-3
900.1E-9  485.3E-3
900.1E-9  485.3E-3
900.1E-9  485.3E-3
900.1E-9  485.3E-3
900.1E-9  485.3E-3
900.1E-9  485.3E-3
900.1E-9  485.3E-3
900.1E-9  485.3E-3
900.1E-9  485.3E-3
900.1E-9  485.3E-3
900.1E-9  485.3E-3
900.1E-9  485.3E-3
900.1E-9  485.3E-3
900.1E-9  485.2E-3
900.1E-9  485.2E-3
900.1E-9  485.2E-3
900.1E-9  485.2E-3
900.1E-9  485.2E-3
900.1E-9  485.2E-3
900.1E-9  485.2E-3
900.1E-9  485.2E-3
900.1E-9  485.2E-3
900.1E-9  485.2E-3
900.1E-9  485.2E-3
900.1E-9  485.2E-3
900.1E-9  485.2E-3
900.1E-9  485.2E-3
900.1E-9  485.2E-3
900.1E-9  485.2E-3
900.1E-9  485.2E-3
900.1E-9  485.2E-3
900.1E-9  485.2E-3
900.1E-9  485.2E-3
900.1E-9  485.2E-3
900.1E-9  485.2E-3
900.1E-9  485.2E-3
900.1E-9  485.2E-3
900.1E-9  485.2E-3
900.1E-9  485.2E-3
900.1E-9  485.2E-3
900.1E-9  485.2E-3
900.1E-9  485.2E-3
900.1E-9  485.2E-3
900.1E-9  485.2E-3
900.1E-9  485.2E-3
900.1E-9  485.2E-3
900.1E-9  485.2E-3
900.1E-9  485.2E-3
900.1E-9  485.2E-3
900.1E-9  485.2E-3
900.1E-9  485.2E-3
900.1E-9  485.2E-3
900.1E-9  485.2E-3
900.1E-9  485.2E-3
900.1E-9  485.2E-3
900.1E-9  485.2E-3
900.1E-9  485.2E-3
900.1E-9  485.2E-3
900.1E-9  485.2E-3
900.1E-9  485.2E-3
900.1E-9  485.2E-3
900.1E-9  485.2E-3
900.1E-9  485.2E-3
900.1E-9  485.3E-3
900.1E-9  485.3E-3
900.1E-9  485.3E-3
900.1E-9  485.3E-3
900.1E-9  485.3E-3
900.1E-9  485.3E-3
900.1E-9  485.3E-3
900.1E-9  485.3E-3
900.1E-9  485.3E-3
900.1E-9  485.3E-3
900.1E-9  485.3E-3
900.1E-9  485.3E-3
900.1E-9  485.3E-3
900.1E-9  485.3E-3
900.1E-9  485.3E-3
900.1E-9  485.3E-3
900.1E-9  485.3E-3
900.1E-9  485.3E-3
900.1E-9  485.3E-3
900.1E-9  485.3E-3
900.2E-9  485.3E-3
900.2E-9  485.3E-3
900.2E-9  485.3E-3
900.2E-9  485.4E-3
900.2E-9  485.4E-3
900.2E-9  485.4E-3
900.2E-9  485.4E-3
900.2E-9  485.4E-3
900.2E-9  485.4E-3
900.2E-9  485.4E-3
900.2E-9  485.4E-3
900.2E-9  485.4E-3
900.2E-9  485.4E-3
900.2E-9  485.4E-3
900.2E-9  485.4E-3
900.2E-9  485.4E-3
900.2E-9  485.4E-3
900.2E-9  485.4E-3
900.2E-9  485.4E-3
900.2E-9  485.4E-3
900.2E-9  485.4E-3
900.2E-9  485.4E-3
900.2E-9  485.4E-3
900.2E-9  485.4E-3
900.2E-9  485.3E-3
900.2E-9  485.3E-3
900.2E-9  485.3E-3
900.2E-9  485.3E-3
900.2E-9  485.3E-3
900.2E-9  485.3E-3
900.2E-9  485.3E-3
900.2E-9  485.3E-3
900.2E-9  485.3E-3
900.2E-9  485.3E-3
900.2E-9  485.3E-3
900.2E-9  485.3E-3
900.2E-9  485.3E-3
900.2E-9  485.3E-3
900.2E-9  485.3E-3
900.2E-9  485.3E-3
900.2E-9  485.3E-3
900.2E-9  485.3E-3
900.2E-9  485.3E-3
900.2E-9  485.3E-3
900.2E-9  485.3E-3
900.2E-9  485.3E-3
900.2E-9  485.3E-3
900.2E-9  485.3E-3
900.2E-9  485.3E-3
900.2E-9  485.3E-3
900.2E-9  485.3E-3
900.3E-9  485.3E-3
900.3E-9  485.3E-3
900.3E-9  485.3E-3
900.3E-9  485.3E-3
900.3E-9  485.3E-3
900.3E-9  485.3E-3
900.4E-9  485.3E-3
900.4E-9  485.3E-3
900.5E-9  485.3E-3
900.5E-9  485.3E-3
900.6E-9  485.3E-3
900.7E-9  485.4E-3
900.9E-9  485.4E-3
901.0E-9  485.4E-3
901.2E-9  485.5E-3
901.4E-9  485.6E-3
901.6E-9  485.7E-3
902.0E-9  485.9E-3
902.4E-9  486.4E-3
903.0E-9  487.2E-3
903.6E-9  488.7E-3
904.4E-9  491.3E-3
905.2E-9  494.9E-3
906.0E-9  499.5E-3
906.2E-9  500.9E-3
906.6E-9  503.7E-3
907.0E-9  506.8E-3
907.5E-9  510.7E-3
907.9E-9  514.7E-3
908.3E-9  518.4E-3
908.9E-9  524.2E-3
909.6E-9  530.4E-3
910.3E-9  537.1E-3
911.2E-9  544.7E-3
912.4E-9  553.8E-3
913.9E-9  563.7E-3
915.3E-9  570.5E-3
916.5E-9  575.3E-3
917.7E-9  579.0E-3
919.0E-9  581.9E-3
920.3E-9  584.2E-3
921.7E-9  585.9E-3
923.3E-9  587.1E-3
925.0E-9  587.8E-3
926.9E-9  588.1E-3
929.1E-9  588.0E-3
931.6E-9  587.5E-3
934.6E-9  586.7E-3
938.2E-9  585.6E-3
942.8E-9  584.1E-3
947.9E-9  582.5E-3
953.6E-9  580.7E-3
960.1E-9  578.7E-3
967.7E-9  576.3E-3
976.4E-9  573.6E-3
986.4E-9  570.4E-3
997.9E-9  566.8E-3
1.012E-6  562.6E-3
1.028E-6  557.6E-3
1.048E-6  551.6E-3
1.068E-6  545.8E-3
1.088E-6  540.2E-3
1.108E-6  534.8E-3
1.128E-6  529.7E-3
1.148E-6  524.8E-3
1.168E-6  520.3E-3
1.188E-6  516.1E-3
1.208E-6  512.3E-3
1.228E-6  508.9E-3
1.248E-6  505.7E-3
1.268E-6  502.9E-3
1.288E-6  500.4E-3
1.308E-6  498.3E-3
1.328E-6  496.3E-3
1.348E-6  494.7E-3
1.368E-6  493.2E-3
1.388E-6  491.9E-3
1.408E-6  490.8E-3
1.428E-6  489.8E-3
1.448E-6  489.0E-3
1.468E-6  488.3E-3
1.488E-6  487.7E-3
1.508E-6  487.1E-3
1.528E-6  486.6E-3
1.548E-6  486.2E-3
1.568E-6  485.9E-3
1.588E-6  485.6E-3
1.608E-6  485.3E-3
1.628E-6  485.1E-3
1.648E-6  484.9E-3
1.668E-6  484.7E-3
1.688E-6  484.6E-3
1.708E-6  484.4E-3
1.728E-6  484.3E-3
1.748E-6  484.2E-3
1.768E-6  484.1E-3
1.788E-6  484.1E-3
1.808E-6  484.0E-3
1.828E-6  483.9E-3
1.848E-6  483.9E-3
1.868E-6  483.9E-3
1.888E-6  483.8E-3
1.908E-6  483.8E-3
1.928E-6  483.8E-3
1.948E-6  483.7E-3
1.968E-6  483.7E-3
1.984E-6  483.7E-3
2.000E-6  483.7E-3
