868.4E-9  485.4E-3
884.2E-9  485.4E-3
900.0E-9  485.4E-3
900.0E-9  485.4E-3
900.0E-9  485.4E-3
900.0E-9  485.4E-3
900.0E-9  485.4E-3
900.0E-9  485.4E-3
900.0E-9  485.4E-3
900.0E-9  485.4E-3
900.0E-9  485.4E-3
900.0E-9  485.4E-3
900.0E-9  485.4E-3
900.0E-9  485.4E-3
900.0E-9  485.4E-3
900.0E-9  485.4E-3
900.0E-9  485.4E-3
900.0E-9  485.4E-3
900.0E-9  485.4E-3
900.0E-9  485.4E-3
900.0E-9  485.4E-3
900.0E-9  485.4E-3
900.0E-9  485.4E-3
900.0E-9  485.4E-3
900.0E-9  485.4E-3
900.0E-9  485.4E-3
900.0E-9  485.4E-3
900.0E-9  485.4E-3
900.0E-9  485.4E-3
900.0E-9  485.4E-3
900.0E-9  485.4E-3
900.0E-9  485.4E-3
900.0E-9  485.4E-3
900.0E-9  485.4E-3
900.1E-9  485.4E-3
900.1E-9  485.4E-3
900.1E-9  485.4E-3
900.1E-9  485.4E-3
900.1E-9  485.4E-3
900.1E-9  485.4E-3
900.1E-9  485.4E-3
900.1E-9  485.4E-3
900.1E-9  485.4E-3
900.1E-9  485.4E-3
900.1E-9  485.4E-3
900.1E-9  485.4E-3
900.1E-9  485.4E-3
900.1E-9  485.4E-3
900.1E-9  485.4E-3
900.1E-9  485.4E-3
900.1E-9  485.4E-3
900.1E-9  485.4E-3
900.1E-9  485.4E-3
900.1E-9  485.4E-3
900.1E-9  485.4E-3
900.1E-9  485.4E-3
900.1E-9  485.4E-3
900.1E-9  485.4E-3
900.1E-9  485.4E-3
900.1E-9  485.4E-3
900.1E-9  485.4E-3
900.1E-9  485.4E-3
900.1E-9  485.4E-3
900.1E-9  485.4E-3
900.1E-9  485.4E-3
900.1E-9  485.4E-3
900.1E-9  485.4E-3
900.1E-9  485.4E-3
900.1E-9  485.4E-3
900.1E-9  485.4E-3
900.1E-9  485.4E-3
900.1E-9  485.4E-3
900.1E-9  485.4E-3
900.1E-9  485.4E-3
900.1E-9  485.4E-3
900.1E-9  485.3E-3
900.1E-9  485.3E-3
900.1E-9  485.3E-3
900.1E-9  485.3E-3
900.1E-9  485.3E-3
900.1E-9  485.3E-3
900.1E-9  485.3E-3
900.1E-9  485.3E-3
900.1E-9  485.3E-3
900.1E-9  485.3E-3
900.1E-9  485.3E-3
900.1E-9  485.3E-3
900.1E-9  485.3E-3
900.1E-9  485.3E-3
900.1E-9  485.3E-3
900.1E-9  485.3E-3
900.1E-9  485.3E-3
900.1E-9  485.3E-3
900.1E-9  485.3E-3
900.1E-9  485.3E-3
900.1E-9  485.3E-3
900.1E-9  485.3E-3
900.1E-9  485.3E-3
900.1E-9  485.3E-3
900.1E-9  485.2E-3
900.1E-9  485.2E-3
900.1E-9  485.2E-3
900.1E-9  485.2E-3
900.1E-9  485.2E-3
900.1E-9  485.2E-3
900.1E-9  485.2E-3
900.1E-9  485.2E-3
900.1E-9  485.2E-3
900.1E-9  485.2E-3
900.1E-9  485.2E-3
900.1E-9  485.2E-3
900.1E-9  485.2E-3
900.1E-9  485.2E-3
900.1E-9  485.2E-3
900.1E-9  485.2E-3
900.1E-9  485.2E-3
900.1E-9  485.2E-3
900.1E-9  485.2E-3
900.1E-9  485.2E-3
900.1E-9  485.2E-3
900.1E-9  485.2E-3
900.1E-9  485.2E-3
900.1E-9  485.2E-3
900.1E-9  485.2E-3
900.1E-9  485.2E-3
900.1E-9  485.2E-3
900.1E-9  485.2E-3
900.1E-9  485.2E-3
900.1E-9  485.2E-3
900.1E-9  485.2E-3
900.1E-9  485.2E-3
900.1E-9  485.2E-3
900.1E-9  485.2E-3
900.1E-9  485.2E-3
900.1E-9  485.2E-3
900.1E-9  485.2E-3
900.1E-9  485.2E-3
900.1E-9  485.2E-3
900.1E-9  485.2E-3
900.1E-9  485.2E-3
900.1E-9  485.2E-3
900.1E-9  485.2E-3
900.1E-9  485.2E-3
900.1E-9  485.2E-3
900.1E-9  485.2E-3
900.1E-9  485.2E-3
900.1E-9  485.2E-3
900.1E-9  485.2E-3
900.1E-9  485.2E-3
900.1E-9  485.2E-3
900.1E-9  485.3E-3
900.1E-9  485.3E-3
900.1E-9  485.3E-3
900.1E-9  485.3E-3
900.1E-9  485.3E-3
900.1E-9  485.3E-3
900.1E-9  485.3E-3
900.1E-9  485.3E-3
900.1E-9  485.3E-3
900.1E-9  485.3E-3
900.1E-9  485.3E-3
900.1E-9  485.3E-3
900.1E-9  485.3E-3
900.1E-9  485.3E-3
900.1E-9  485.3E-3
900.1E-9  485.3E-3
900.1E-9  485.3E-3
900.1E-9  485.3E-3
900.1E-9  485.3E-3
900.2E-9  485.3E-3
900.2E-9  485.3E-3
900.2E-9  485.3E-3
900.2E-9  485.4E-3
900.2E-9  485.4E-3
900.2E-9  485.4E-3
900.2E-9  485.4E-3
900.2E-9  485.4E-3
900.2E-9  485.4E-3
900.2E-9  485.4E-3
900.2E-9  485.4E-3
900.2E-9  485.4E-3
900.2E-9  485.4E-3
900.2E-9  485.4E-3
900.2E-9  485.4E-3
900.2E-9  485.4E-3
900.2E-9  485.4E-3
900.2E-9  485.4E-3
900.2E-9  485.4E-3
900.2E-9  485.4E-3
900.2E-9  485.4E-3
900.2E-9  485.4E-3
900.2E-9  485.4E-3
900.2E-9  485.4E-3
900.2E-9  485.3E-3
900.2E-9  485.3E-3
900.2E-9  485.3E-3
900.2E-9  485.3E-3
900.2E-9  485.3E-3
900.2E-9  485.3E-3
900.2E-9  485.3E-3
900.2E-9  485.3E-3
900.2E-9  485.3E-3
900.2E-9  485.3E-3
900.2E-9  485.3E-3
900.2E-9  485.3E-3
900.2E-9  485.3E-3
900.2E-9  485.3E-3
900.2E-9  485.2E-3
900.2E-9  485.2E-3
900.2E-9  485.2E-3
900.2E-9  485.2E-3
900.2E-9  485.3E-3
900.2E-9  485.3E-3
900.2E-9  485.3E-3
900.2E-9  485.3E-3
900.2E-9  485.3E-3
900.2E-9  485.3E-3
900.2E-9  485.3E-3
900.2E-9  485.3E-3
900.2E-9  485.3E-3
900.3E-9  485.3E-3
900.3E-9  485.3E-3
900.3E-9  485.3E-3
900.3E-9  485.3E-3
900.3E-9  485.3E-3
900.3E-9  485.3E-3
900.4E-9  485.3E-3
900.4E-9  485.3E-3
900.5E-9  485.3E-3
900.5E-9  485.3E-3
900.6E-9  485.3E-3
900.7E-9  485.4E-3
900.9E-9  485.4E-3
901.0E-9  485.4E-3
901.2E-9  485.5E-3
901.4E-9  485.6E-3
901.6E-9  485.7E-3
902.0E-9  485.9E-3
902.4E-9  486.4E-3
903.0E-9  487.2E-3
903.6E-9  488.7E-3
904.4E-9  491.3E-3
905.2E-9  494.8E-3
906.0E-9  499.4E-3
906.2E-9  500.8E-3
906.6E-9  503.6E-3
907.0E-9  506.7E-3
907.5E-9  510.5E-3
907.9E-9  514.4E-3
908.3E-9  518.2E-3
908.9E-9  523.9E-3
909.6E-9  530.0E-3
910.3E-9  536.5E-3
911.2E-9  543.9E-3
912.3E-9  552.5E-3
913.8E-9  562.0E-3
915.2E-9  568.8E-3
916.4E-9  573.3E-3
917.6E-9  576.5E-3
918.8E-9  578.9E-3
920.1E-9  580.4E-3
921.5E-9  581.3E-3
922.9E-9  581.6E-3
924.6E-9  581.1E-3
926.4E-9  580.1E-3
928.3E-9  578.4E-3
930.6E-9  576.2E-3
933.2E-9  573.2E-3
936.2E-9  569.6E-3
939.8E-9  565.0E-3
944.4E-9  559.3E-3
949.5E-9  552.9E-3
955.2E-9  546.1E-3
961.6E-9  538.7E-3
968.3E-9  531.3E-3
975.5E-9  523.9E-3
983.4E-9  516.5E-3
992.1E-9  509.4E-3
1.002E-6  502.5E-3
1.014E-6  496.0E-3
1.029E-6  490.4E-3
1.041E-6  487.6E-3
1.052E-6  486.0E-3
1.062E-6  485.1E-3
1.072E-6  484.5E-3
1.084E-6  484.2E-3
1.096E-6  484.0E-3
1.111E-6  484.0E-3
1.129E-6  484.0E-3
1.149E-6  484.0E-3
1.169E-6  484.1E-3
1.189E-6  484.1E-3
1.209E-6  484.1E-3
1.229E-6  484.1E-3
1.249E-6  484.1E-3
1.269E-6  484.1E-3
1.289E-6  484.2E-3
1.309E-6  484.2E-3
1.329E-6  484.2E-3
