866.9E-9  -45.21E-3
883.5E-9  -45.21E-3
900.0E-9  -45.21E-3
900.0E-9  -45.21E-3
900.0E-9  -45.21E-3
900.0E-9  -45.21E-3
900.0E-9  -45.21E-3
900.0E-9  -45.21E-3
900.0E-9  -45.21E-3
900.0E-9  -45.21E-3
900.0E-9  -45.21E-3
900.0E-9  -45.21E-3
900.0E-9  -45.21E-3
900.0E-9  -45.21E-3
900.0E-9  -45.21E-3
900.0E-9  -45.21E-3
900.0E-9  -45.21E-3
900.0E-9  -45.21E-3
900.0E-9  -45.21E-3
900.0E-9  -45.21E-3
900.0E-9  -45.21E-3
900.0E-9  -45.21E-3
900.0E-9  -45.21E-3
900.0E-9  -45.21E-3
900.0E-9  -45.21E-3
900.0E-9  -45.21E-3
900.0E-9  -45.21E-3
900.0E-9  -45.21E-3
900.0E-9  -45.21E-3
900.0E-9  -45.21E-3
900.0E-9  -45.21E-3
900.0E-9  -45.21E-3
900.0E-9  -45.21E-3
900.0E-9  -45.21E-3
900.1E-9  -45.21E-3
900.1E-9  -45.21E-3
900.1E-9  -45.21E-3
900.1E-9  -45.21E-3
900.1E-9  -45.21E-3
900.1E-9  -45.21E-3
900.1E-9  -45.21E-3
900.1E-9  -45.21E-3
900.1E-9  -45.21E-3
900.1E-9  -45.21E-3
900.1E-9  -45.21E-3
900.1E-9  -45.21E-3
900.1E-9  -45.21E-3
900.1E-9  -45.21E-3
900.1E-9  -45.21E-3
900.1E-9  -45.21E-3
900.1E-9  -45.21E-3
900.1E-9  -45.21E-3
900.1E-9  -45.21E-3
900.1E-9  -45.21E-3
900.1E-9  -45.21E-3
900.1E-9  -45.21E-3
900.1E-9  -45.21E-3
900.1E-9  -45.21E-3
900.1E-9  -45.21E-3
900.1E-9  -45.21E-3
900.1E-9  -45.21E-3
900.1E-9  -45.21E-3
900.1E-9  -45.21E-3
900.1E-9  -45.21E-3
900.1E-9  -45.21E-3
900.1E-9  -45.21E-3
900.1E-9  -45.21E-3
900.1E-9  -45.21E-3
900.1E-9  -45.21E-3
900.1E-9  -45.21E-3
900.1E-9  -45.21E-3
900.1E-9  -45.21E-3
900.1E-9  -45.21E-3
900.1E-9  -45.21E-3
900.1E-9  -45.21E-3
900.1E-9  -45.21E-3
900.1E-9  -45.21E-3
900.1E-9  -45.21E-3
900.1E-9  -45.21E-3
900.1E-9  -45.21E-3
900.1E-9  -45.21E-3
900.1E-9  -45.21E-3
900.1E-9  -45.21E-3
900.1E-9  -45.21E-3
900.1E-9  -45.21E-3
900.1E-9  -45.21E-3
900.1E-9  -45.21E-3
900.1E-9  -45.21E-3
900.1E-9  -45.21E-3
900.1E-9  -45.21E-3
900.1E-9  -45.21E-3
900.1E-9  -45.21E-3
900.1E-9  -45.21E-3
900.1E-9  -45.21E-3
900.1E-9  -45.21E-3
900.1E-9  -45.21E-3
900.1E-9  -45.21E-3
900.1E-9  -45.21E-3
900.1E-9  -45.21E-3
900.1E-9  -45.21E-3
900.1E-9  -45.21E-3
900.1E-9  -45.21E-3
900.1E-9  -45.21E-3
900.1E-9  -45.21E-3
900.1E-9  -45.21E-3
900.1E-9  -45.21E-3
900.1E-9  -45.21E-3
900.1E-9  -45.21E-3
900.1E-9  -45.21E-3
900.1E-9  -45.21E-3
900.1E-9  -45.21E-3
900.1E-9  -45.21E-3
900.1E-9  -45.21E-3
900.1E-9  -45.21E-3
900.1E-9  -45.21E-3
900.1E-9  -45.21E-3
900.1E-9  -45.21E-3
900.1E-9  -45.21E-3
900.1E-9  -45.21E-3
900.1E-9  -45.21E-3
900.1E-9  -45.21E-3
900.1E-9  -45.21E-3
900.1E-9  -45.21E-3
900.1E-9  -45.21E-3
900.1E-9  -45.21E-3
900.1E-9  -45.21E-3
900.1E-9  -45.21E-3
900.1E-9  -45.21E-3
900.1E-9  -45.21E-3
900.1E-9  -45.21E-3
900.1E-9  -45.21E-3
900.1E-9  -45.21E-3
900.1E-9  -45.21E-3
900.1E-9  -45.21E-3
900.1E-9  -45.21E-3
900.1E-9  -45.21E-3
900.1E-9  -45.21E-3
900.1E-9  -45.21E-3
900.1E-9  -45.21E-3
900.1E-9  -45.21E-3
900.1E-9  -45.21E-3
900.1E-9  -45.21E-3
900.1E-9  -45.21E-3
900.1E-9  -45.21E-3
900.1E-9  -45.21E-3
900.1E-9  -45.21E-3
900.1E-9  -45.21E-3
900.1E-9  -45.21E-3
900.1E-9  -45.21E-3
900.1E-9  -45.21E-3
900.1E-9  -45.21E-3
900.1E-9  -45.21E-3
900.1E-9  -45.21E-3
900.1E-9  -45.21E-3
900.1E-9  -45.21E-3
900.1E-9  -45.21E-3
900.1E-9  -45.21E-3
900.1E-9  -45.21E-3
900.1E-9  -45.21E-3
900.1E-9  -45.21E-3
900.1E-9  -45.21E-3
900.1E-9  -45.21E-3
900.1E-9  -45.21E-3
900.1E-9  -45.21E-3
900.1E-9  -45.21E-3
900.1E-9  -45.21E-3
900.1E-9  -45.21E-3
900.1E-9  -45.21E-3
900.1E-9  -45.21E-3
900.2E-9  -45.21E-3
900.2E-9  -45.21E-3
900.2E-9  -45.21E-3
900.2E-9  -45.21E-3
900.2E-9  -45.21E-3
900.2E-9  -45.21E-3
900.2E-9  -45.21E-3
900.2E-9  -45.21E-3
900.2E-9  -45.21E-3
900.2E-9  -45.21E-3
900.2E-9  -45.21E-3
900.2E-9  -45.21E-3
900.2E-9  -45.21E-3
900.2E-9  -45.21E-3
900.2E-9  -45.21E-3
900.2E-9  -45.21E-3
900.2E-9  -45.21E-3
900.2E-9  -45.21E-3
900.2E-9  -45.21E-3
900.2E-9  -45.21E-3
900.2E-9  -45.21E-3
900.2E-9  -45.21E-3
900.2E-9  -45.21E-3
900.2E-9  -45.21E-3
900.2E-9  -45.21E-3
900.2E-9  -45.21E-3
900.2E-9  -45.21E-3
900.2E-9  -45.21E-3
900.2E-9  -45.21E-3
900.2E-9  -45.21E-3
900.2E-9  -45.21E-3
900.2E-9  -45.21E-3
900.2E-9  -45.21E-3
900.2E-9  -45.21E-3
900.2E-9  -45.21E-3
900.2E-9  -45.21E-3
900.2E-9  -45.21E-3
900.2E-9  -45.21E-3
900.2E-9  -45.21E-3
900.2E-9  -45.21E-3
900.2E-9  -45.21E-3
900.2E-9  -45.21E-3
900.2E-9  -45.21E-3
900.2E-9  -45.21E-3
900.2E-9  -45.21E-3
900.2E-9  -45.21E-3
900.2E-9  -45.21E-3
900.2E-9  -45.21E-3
900.2E-9  -45.21E-3
900.2E-9  -45.21E-3
900.2E-9  -45.21E-3
900.3E-9  -45.21E-3
900.3E-9  -45.21E-3
900.3E-9  -45.21E-3
900.3E-9  -45.21E-3
900.3E-9  -45.21E-3
900.3E-9  -45.21E-3
900.4E-9  -45.21E-3
900.4E-9  -45.21E-3
900.5E-9  -45.21E-3
900.5E-9  -45.22E-3
900.6E-9  -45.22E-3
900.7E-9  -45.22E-3
900.9E-9  -45.23E-3
901.0E-9  -45.23E-3
901.2E-9  -45.24E-3
901.4E-9  -45.24E-3
901.6E-9  -45.23E-3
902.0E-9  -45.22E-3
902.4E-9  -45.19E-3
903.0E-9  -45.12E-3
903.6E-9  -44.94E-3
904.4E-9  -44.54E-3
905.2E-9  -43.85E-3
906.0E-9  -42.76E-3
906.2E-9  -42.38E-3
906.6E-9  -41.60E-3
907.0E-9  -40.65E-3
907.4E-9  -39.31E-3
907.9E-9  -37.86E-3
908.3E-9  -36.26E-3
908.9E-9  -33.67E-3
909.5E-9  -30.46E-3
910.2E-9  -26.43E-3
911.0E-9  -21.17E-3
912.0E-9  -14.02E-3
913.3E-9  -4.263E-3
914.6E-9  6.708E-3
915.9E-9  16.55E-3
917.0E-9  25.31E-3
918.2E-9  33.41E-3
919.3E-9  40.94E-3
920.5E-9  47.94E-3
921.8E-9  54.31E-3
923.1E-9  59.89E-3
924.5E-9  64.47E-3
926.0E-9  67.83E-3
927.6E-9  69.75E-3
929.3E-9  69.99E-3
931.1E-9  68.34E-3
932.9E-9  64.62E-3
934.9E-9  58.76E-3
937.0E-9  50.79E-3
939.2E-9  40.89E-3
941.5E-9  29.26E-3
944.0E-9  16.07E-3
946.8E-9  1.181E-3
950.3E-9  -15.82E-3
954.0E-9  -31.84E-3
957.0E-9  -42.41E-3
959.5E-9  -49.65E-3
961.9E-9  -54.84E-3
964.2E-9  -58.45E-3
966.5E-9  -60.79E-3
969.0E-9  -61.99E-3
971.5E-9  -62.10E-3
974.4E-9  -61.11E-3
977.7E-9  -59.01E-3
981.8E-9  -55.61E-3
986.9E-9  -51.33E-3
991.8E-9  -47.96E-3
995.9E-9  -45.91E-3
999.8E-9  -44.74E-3
1.004E-6  -44.27E-3
1.008E-6  -44.40E-3
1.013E-6  -45.02E-3
1.019E-6  -46.06E-3
1.027E-6  -47.40E-3
1.035E-6  -48.05E-3
1.042E-6  -48.15E-3
1.050E-6  -47.94E-3
1.058E-6  -47.56E-3
1.070E-6  -47.14E-3
1.084E-6  -46.99E-3
1.096E-6  -47.06E-3
1.111E-6  -47.17E-3
1.131E-6  -47.20E-3
1.151E-6  -47.13E-3
1.171E-6  -47.07E-3
1.191E-6  -47.02E-3
1.211E-6  -47.00E-3
1.231E-6  -46.97E-3
1.251E-6  -46.94E-3
1.271E-6  -46.91E-3
1.291E-6  -46.88E-3
1.311E-6  -46.85E-3
1.331E-6  -46.82E-3
