868.4E-9  -45.30E-3
884.2E-9  -45.30E-3
900.0E-9  -45.30E-3
900.0E-9  -45.30E-3
900.0E-9  -45.30E-3
900.0E-9  -45.30E-3
900.0E-9  -45.30E-3
900.0E-9  -45.30E-3
900.0E-9  -45.30E-3
900.0E-9  -45.30E-3
900.0E-9  -45.30E-3
900.0E-9  -45.30E-3
900.0E-9  -45.30E-3
900.0E-9  -45.30E-3
900.0E-9  -45.30E-3
900.0E-9  -45.30E-3
900.0E-9  -45.30E-3
900.0E-9  -45.30E-3
900.0E-9  -45.30E-3
900.0E-9  -45.30E-3
900.0E-9  -45.30E-3
900.0E-9  -45.31E-3
900.0E-9  -45.31E-3
900.0E-9  -45.31E-3
900.0E-9  -45.31E-3
900.0E-9  -45.31E-3
900.0E-9  -45.31E-3
900.0E-9  -45.31E-3
900.0E-9  -45.31E-3
900.0E-9  -45.31E-3
900.0E-9  -45.31E-3
900.0E-9  -45.31E-3
900.0E-9  -45.31E-3
900.0E-9  -45.31E-3
900.1E-9  -45.31E-3
900.1E-9  -45.31E-3
900.1E-9  -45.31E-3
900.1E-9  -45.31E-3
900.1E-9  -45.31E-3
900.1E-9  -45.31E-3
900.1E-9  -45.31E-3
900.1E-9  -45.31E-3
900.1E-9  -45.31E-3
900.1E-9  -45.31E-3
900.1E-9  -45.31E-3
900.1E-9  -45.31E-3
900.1E-9  -45.31E-3
900.1E-9  -45.31E-3
900.1E-9  -45.31E-3
900.1E-9  -45.31E-3
900.1E-9  -45.31E-3
900.1E-9  -45.31E-3
900.1E-9  -45.31E-3
900.1E-9  -45.31E-3
900.1E-9  -45.31E-3
900.1E-9  -45.31E-3
900.1E-9  -45.31E-3
900.1E-9  -45.31E-3
900.1E-9  -45.31E-3
900.1E-9  -45.31E-3
900.1E-9  -45.31E-3
900.1E-9  -45.31E-3
900.1E-9  -45.31E-3
900.1E-9  -45.31E-3
900.1E-9  -45.31E-3
900.1E-9  -45.31E-3
900.1E-9  -45.31E-3
900.1E-9  -45.31E-3
900.1E-9  -45.31E-3
900.1E-9  -45.31E-3
900.1E-9  -45.31E-3
900.1E-9  -45.31E-3
900.1E-9  -45.31E-3
900.1E-9  -45.31E-3
900.1E-9  -45.31E-3
900.1E-9  -45.31E-3
900.1E-9  -45.31E-3
900.1E-9  -45.31E-3
900.1E-9  -45.31E-3
900.1E-9  -45.31E-3
900.1E-9  -45.31E-3
900.1E-9  -45.31E-3
900.1E-9  -45.31E-3
900.1E-9  -45.31E-3
900.1E-9  -45.31E-3
900.1E-9  -45.31E-3
900.1E-9  -45.31E-3
900.1E-9  -45.31E-3
900.1E-9  -45.31E-3
900.1E-9  -45.31E-3
900.1E-9  -45.31E-3
900.1E-9  -45.31E-3
900.1E-9  -45.31E-3
900.1E-9  -45.31E-3
900.1E-9  -45.31E-3
900.1E-9  -45.31E-3
900.1E-9  -45.31E-3
900.1E-9  -45.31E-3
900.1E-9  -45.31E-3
900.1E-9  -45.31E-3
900.1E-9  -45.31E-3
900.1E-9  -45.31E-3
900.1E-9  -45.31E-3
900.1E-9  -45.31E-3
900.1E-9  -45.31E-3
900.1E-9  -45.31E-3
900.1E-9  -45.31E-3
900.1E-9  -45.31E-3
900.1E-9  -45.31E-3
900.1E-9  -45.31E-3
900.1E-9  -45.31E-3
900.1E-9  -45.31E-3
900.1E-9  -45.31E-3
900.1E-9  -45.31E-3
900.1E-9  -45.31E-3
900.1E-9  -45.31E-3
900.1E-9  -45.31E-3
900.1E-9  -45.31E-3
900.1E-9  -45.31E-3
900.1E-9  -45.31E-3
900.1E-9  -45.31E-3
900.1E-9  -45.31E-3
900.1E-9  -45.31E-3
900.1E-9  -45.31E-3
900.1E-9  -45.31E-3
900.1E-9  -45.31E-3
900.1E-9  -45.31E-3
900.1E-9  -45.31E-3
900.1E-9  -45.31E-3
900.1E-9  -45.31E-3
900.1E-9  -45.31E-3
900.1E-9  -45.30E-3
900.1E-9  -45.30E-3
900.1E-9  -45.30E-3
900.1E-9  -45.30E-3
900.1E-9  -45.30E-3
900.1E-9  -45.30E-3
900.1E-9  -45.30E-3
900.1E-9  -45.30E-3
900.1E-9  -45.30E-3
900.1E-9  -45.30E-3
900.1E-9  -45.30E-3
900.1E-9  -45.30E-3
900.1E-9  -45.30E-3
900.1E-9  -45.30E-3
900.1E-9  -45.30E-3
900.1E-9  -45.30E-3
900.1E-9  -45.30E-3
900.1E-9  -45.30E-3
900.1E-9  -45.30E-3
900.1E-9  -45.30E-3
900.1E-9  -45.30E-3
900.1E-9  -45.30E-3
900.1E-9  -45.30E-3
900.1E-9  -45.30E-3
900.1E-9  -45.30E-3
900.1E-9  -45.30E-3
900.1E-9  -45.30E-3
900.1E-9  -45.30E-3
900.1E-9  -45.30E-3
900.1E-9  -45.30E-3
900.1E-9  -45.30E-3
900.1E-9  -45.30E-3
900.1E-9  -45.30E-3
900.1E-9  -45.30E-3
900.1E-9  -45.30E-3
900.1E-9  -45.30E-3
900.1E-9  -45.30E-3
900.1E-9  -45.30E-3
900.2E-9  -45.30E-3
900.2E-9  -45.30E-3
900.2E-9  -45.30E-3
900.2E-9  -45.30E-3
900.2E-9  -45.30E-3
900.2E-9  -45.30E-3
900.2E-9  -45.30E-3
900.2E-9  -45.30E-3
900.2E-9  -45.30E-3
900.2E-9  -45.30E-3
900.2E-9  -45.30E-3
900.2E-9  -45.30E-3
900.2E-9  -45.30E-3
900.2E-9  -45.30E-3
900.2E-9  -45.30E-3
900.2E-9  -45.30E-3
900.2E-9  -45.30E-3
900.2E-9  -45.30E-3
900.2E-9  -45.30E-3
900.2E-9  -45.30E-3
900.2E-9  -45.30E-3
900.2E-9  -45.30E-3
900.2E-9  -45.30E-3
900.2E-9  -45.30E-3
900.2E-9  -45.30E-3
900.2E-9  -45.30E-3
900.2E-9  -45.30E-3
900.2E-9  -45.30E-3
900.2E-9  -45.30E-3
900.2E-9  -45.30E-3
900.2E-9  -45.30E-3
900.2E-9  -45.30E-3
900.2E-9  -45.30E-3
900.2E-9  -45.30E-3
900.2E-9  -45.30E-3
900.2E-9  -45.30E-3
900.2E-9  -45.30E-3
900.2E-9  -45.30E-3
900.2E-9  -45.30E-3
900.2E-9  -45.30E-3
900.2E-9  -45.30E-3
900.2E-9  -45.30E-3
900.2E-9  -45.30E-3
900.2E-9  -45.30E-3
900.2E-9  -45.30E-3
900.2E-9  -45.30E-3
900.2E-9  -45.30E-3
900.2E-9  -45.30E-3
900.2E-9  -45.30E-3
900.2E-9  -45.30E-3
900.2E-9  -45.30E-3
900.3E-9  -45.30E-3
900.3E-9  -45.30E-3
900.3E-9  -45.30E-3
900.3E-9  -45.30E-3
900.3E-9  -45.30E-3
900.3E-9  -45.30E-3
900.4E-9  -45.30E-3
900.4E-9  -45.31E-3
900.5E-9  -45.31E-3
900.5E-9  -45.31E-3
900.6E-9  -45.32E-3
900.7E-9  -45.32E-3
900.9E-9  -45.32E-3
901.0E-9  -45.33E-3
901.2E-9  -45.33E-3
901.4E-9  -45.33E-3
901.6E-9  -45.33E-3
902.0E-9  -45.32E-3
902.4E-9  -45.29E-3
903.0E-9  -45.21E-3
903.6E-9  -45.03E-3
904.4E-9  -44.63E-3
905.2E-9  -43.93E-3
906.0E-9  -42.82E-3
906.2E-9  -42.44E-3
906.6E-9  -41.65E-3
907.0E-9  -40.68E-3
907.5E-9  -39.29E-3
907.9E-9  -37.76E-3
908.3E-9  -36.15E-3
908.9E-9  -33.38E-3
909.6E-9  -29.95E-3
910.3E-9  -25.58E-3
911.2E-9  -19.70E-3
912.3E-9  -11.18E-3
913.8E-9  1.119E-3
915.2E-9  12.77E-3
916.4E-9  22.90E-3
917.6E-9  32.55E-3
918.8E-9  41.89E-3
920.1E-9  51.09E-3
921.5E-9  60.19E-3
922.9E-9  69.11E-3
924.6E-9  77.73E-3
926.4E-9  85.90E-3
928.3E-9  93.45E-3
930.6E-9  100.2E-3
933.2E-9  105.9E-3
936.2E-9  110.1E-3
939.8E-9  112.5E-3
944.4E-9  112.0E-3
949.5E-9  108.1E-3
955.2E-9  100.6E-3
961.6E-9  89.94E-3
968.3E-9  76.85E-3
975.5E-9  61.93E-3
983.4E-9  45.69E-3
992.1E-9  28.62E-3
1.002E-6  11.11E-3
1.014E-6  -6.594E-3
1.029E-6  -23.43E-3
1.041E-6  -32.73E-3
1.052E-6  -38.43E-3
1.062E-6  -42.23E-3
1.072E-6  -44.75E-3
1.084E-6  -46.42E-3
1.096E-6  -47.46E-3
1.111E-6  -48.01E-3
1.129E-6  -48.21E-3
1.149E-6  -48.19E-3
1.169E-6  -48.09E-3
1.189E-6  -47.99E-3
1.209E-6  -47.93E-3
1.229E-6  -47.89E-3
1.249E-6  -47.86E-3
1.269E-6  -47.84E-3
1.289E-6  -47.82E-3
1.309E-6  -47.81E-3
1.329E-6  -47.79E-3
